File name = D4_slice_1.csv
Profile viewing = Raw
Y axis uint = nm
Total data = 2048
Xaxis Data , Yaxis Data 
0.000000e+000, 2.374400e+002
2.929655e+001, 2.345121e+002
5.859310e+001, 2.350429e+002
8.788965e+001, 2.350650e+002
1.171862e+002, 2.347566e+002
1.464828e+002, 2.343464e+002
1.757793e+002, 2.347246e+002
2.050759e+002, 2.352045e+002
2.343724e+002, 2.358878e+002
2.636690e+002, 2.368255e+002
2.929655e+002, 2.380684e+002
3.222621e+002, 2.397181e+002
3.515586e+002, 2.419782e+002
3.808552e+002, 2.452810e+002
4.101517e+002, 2.501606e+002
4.394483e+002, 2.555742e+002
4.687448e+002, 2.609878e+002
4.980414e+002, 2.708264e+002
5.273379e+002, 2.893371e+002
5.566345e+002, 3.172066e+002
5.859310e+002, 3.487890e+002
6.152276e+002, 3.811344e+002
6.445241e+002, 4.116742e+002
6.738207e+002, 4.404846e+002
7.031172e+002, 4.678708e+002
7.324138e+002, 4.927648e+002
7.617103e+002, 5.191847e+002
7.910069e+002, 5.468762e+002
8.203034e+002, 5.680572e+002
8.496000e+002, 5.823209e+002
8.788965e+002, 5.962285e+002
9.081931e+002, 6.108483e+002
9.374896e+002, 6.246033e+002
9.667862e+002, 6.344928e+002
9.960828e+002, 6.418901e+002
1.025379e+003, 6.463373e+002
1.054676e+003, 6.451387e+002
1.083972e+003, 6.427703e+002
1.113269e+003, 6.403002e+002
1.142566e+003, 6.362025e+002
1.171862e+003, 6.236616e+002
1.201159e+003, 5.989136e+002
1.230455e+003, 5.699949e+002
1.259752e+003, 5.484513e+002
1.289048e+003, 5.281792e+002
1.318345e+003, 5.037364e+002
1.347641e+003, 4.805652e+002
1.376938e+003, 4.686855e+002
1.406234e+003, 4.663680e+002
1.435531e+003, 4.680177e+002
1.464828e+003, 4.752624e+002
1.494124e+003, 4.884071e+002
1.523421e+003, 5.010432e+002
1.552717e+003, 5.096611e+002
1.582014e+003, 5.170075e+002
1.611310e+003, 5.242013e+002
1.640607e+003, 5.288011e+002
1.669903e+003, 5.308577e+002
1.699200e+003, 5.317446e+002
1.728497e+003, 5.348693e+002
1.757793e+003, 5.391131e+002
1.787090e+003, 5.435603e+002
1.816386e+003, 5.464307e+002
1.845683e+003, 5.481568e+002
1.874979e+003, 5.509510e+002
1.904276e+003, 5.521938e+002
1.933572e+003, 5.522668e+002
1.962869e+003, 5.513226e+002
1.992166e+003, 5.498189e+002
2.021462e+003, 5.482134e+002
2.050759e+003, 5.456924e+002
2.080055e+003, 5.409335e+002
2.109352e+003, 5.344452e+002
2.138648e+003, 5.259479e+002
2.167945e+003, 5.174505e+002
2.197241e+003, 5.091821e+002
2.226538e+003, 4.999726e+002
2.255834e+003, 4.898477e+002
2.285131e+003, 4.792395e+002
2.314428e+003, 4.694961e+002
2.343724e+003, 4.606172e+002
2.373021e+003, 4.533152e+002
2.402317e+003, 4.463691e+002
2.431614e+003, 4.393722e+002
2.460910e+003, 4.328840e+002
2.490207e+003, 4.273112e+002
2.519503e+003, 4.228575e+002
2.548800e+003, 4.184546e+002
2.578097e+003, 4.150689e+002
2.607393e+003, 4.119884e+002
2.636690e+003, 4.098235e+002
2.665986e+003, 4.079129e+002
2.695283e+003, 4.063074e+002
2.724579e+003, 4.047020e+002
2.753876e+003, 4.026896e+002
2.783172e+003, 4.005755e+002
2.812469e+003, 3.986903e+002
2.841765e+003, 3.970594e+002
2.871062e+003, 3.942841e+002
2.900359e+003, 3.918140e+002
2.929655e+003, 3.901068e+002
2.958952e+003, 3.885014e+002
2.988248e+003, 3.868959e+002
3.017545e+003, 3.845784e+002
3.046841e+003, 3.825660e+002
3.076138e+003, 3.812658e+002
3.105434e+003, 3.801689e+002
3.134731e+003, 3.789704e+002
3.164028e+003, 3.777718e+002
3.193324e+003, 3.769802e+002
3.222621e+003, 3.765954e+002
3.251917e+003, 3.762361e+002
3.281214e+003, 3.750884e+002
3.310510e+003, 3.742713e+002
3.339807e+003, 3.741409e+002
3.369103e+003, 3.744937e+002
3.398400e+003, 3.746938e+002
3.427697e+003, 3.742074e+002
3.456993e+003, 3.734666e+002
3.486290e+003, 3.731327e+002
3.515586e+003, 3.731548e+002
3.544883e+003, 3.731770e+002
3.574179e+003, 3.727922e+002
3.603476e+003, 3.724075e+002
3.632772e+003, 3.719210e+002
3.662069e+003, 3.713074e+002
3.691365e+003, 3.712532e+002
3.720662e+003, 3.712754e+002
3.749959e+003, 3.711958e+002
3.779255e+003, 3.717266e+002
3.808552e+003, 3.721556e+002
3.837848e+003, 3.729916e+002
3.867145e+003, 3.739038e+002
3.896441e+003, 3.749687e+002
3.925738e+003, 3.759318e+002
3.955034e+003, 3.767677e+002
3.984331e+003, 3.778834e+002
4.013628e+003, 3.788720e+002
4.042924e+003, 3.806998e+002
4.072221e+003, 3.828327e+002
4.101517e+003, 3.846096e+002
4.130814e+003, 3.866409e+002
4.160110e+003, 3.886466e+002
4.189407e+003, 3.897623e+002
4.218703e+003, 3.904203e+002
4.248000e+003, 3.919175e+002
4.277297e+003, 3.937452e+002
4.306593e+003, 3.969972e+002
4.335890e+003, 4.002745e+002
4.365186e+003, 4.035010e+002
4.394483e+003, 4.058629e+002
4.423779e+003, 4.076652e+002
4.453076e+003, 4.093150e+002
4.482372e+003, 4.125415e+002
4.511669e+003, 4.173956e+002
4.540965e+003, 4.243859e+002
4.570262e+003, 4.309185e+002
4.599559e+003, 4.354165e+002
4.628855e+003, 4.387193e+002
4.658152e+003, 4.427851e+002
4.687448e+003, 4.480969e+002
4.716745e+003, 4.559265e+002
4.746041e+003, 4.658669e+002
4.775338e+003, 4.762396e+002
4.804634e+003, 4.844506e+002
4.833931e+003, 4.893047e+002
4.863228e+003, 4.925821e+002
4.892524e+003, 4.965715e+002
4.921821e+003, 5.006627e+002
4.951117e+003, 5.039400e+002
4.980414e+003, 5.051066e+002
5.009710e+003, 5.048999e+002
5.039007e+003, 5.037013e+002
5.068303e+003, 5.012821e+002
5.097600e+003, 4.976421e+002
5.126897e+003, 4.918659e+002
5.156193e+003, 4.850725e+002
5.185490e+003, 4.789911e+002
5.214786e+003, 4.741813e+002
5.244083e+003, 4.688883e+002
5.273379e+003, 4.619168e+002
5.302676e+003, 4.538518e+002
5.331972e+003, 4.466006e+002
5.361269e+003, 4.407736e+002
5.390565e+003, 4.352517e+002
5.419862e+003, 4.311539e+002
5.449159e+003, 4.275140e+002
5.478455e+003, 4.237723e+002
5.507752e+003, 4.190642e+002
5.537048e+003, 4.151954e+002
5.566345e+003, 4.124455e+002
5.595641e+003, 4.100263e+002
5.624938e+003, 4.076070e+002
5.654234e+003, 4.053403e+002
5.683531e+003, 4.036840e+002
5.712828e+003, 4.021294e+002
5.742124e+003, 4.004731e+002
5.771421e+003, 3.993000e+002
5.800717e+003, 3.979743e+002
5.830014e+003, 3.957076e+002
5.859310e+003, 3.936444e+002
5.888607e+003, 3.915303e+002
5.917903e+003, 3.900266e+002
5.947200e+003, 3.886500e+002
5.976497e+003, 3.870446e+002
6.005793e+003, 3.852611e+002
6.035090e+003, 3.840117e+002
6.064386e+003, 3.828131e+002
6.093683e+003, 3.814365e+002
6.122979e+003, 3.803143e+002
6.152276e+003, 3.787088e+002
6.181572e+003, 3.774340e+002
6.210869e+003, 3.768203e+002
6.240165e+003, 3.763339e+002
6.269462e+003, 3.756439e+002
6.298759e+003, 3.748523e+002
6.328055e+003, 3.740606e+002
6.357352e+003, 3.736759e+002
6.386648e+003, 3.736980e+002
6.415945e+003, 3.733133e+002
6.445241e+003, 3.727505e+002
6.474538e+003, 3.725438e+002
6.503834e+003, 3.721590e+002
6.533131e+003, 3.718252e+002
6.562428e+003, 3.717964e+002
6.591724e+003, 3.718186e+002
6.621021e+003, 3.712558e+002
6.650317e+003, 3.711000e+002
6.679614e+003, 3.711221e+002
6.708910e+003, 3.713223e+002
6.738207e+003, 3.714207e+002
6.767503e+003, 3.718498e+002
6.796800e+003, 3.720245e+002
6.826096e+003, 3.727079e+002
6.855393e+003, 3.733150e+002
6.884690e+003, 3.741000e+002
6.913986e+003, 3.752157e+002
6.943283e+003, 3.762043e+002
6.972579e+003, 3.780321e+002
7.001876e+003, 3.803430e+002
7.031172e+003, 3.823488e+002
7.060469e+003, 3.834645e+002
7.089765e+003, 3.838936e+002
7.119062e+003, 3.851873e+002
7.148359e+003, 3.872948e+002
7.177655e+003, 3.901653e+002
7.206952e+003, 3.927051e+002
7.236248e+003, 3.949907e+002
7.265545e+003, 3.958266e+002
7.294841e+003, 3.963574e+002
7.324138e+003, 3.976003e+002
7.353434e+003, 4.000130e+002
7.382731e+003, 4.025274e+002
7.412028e+003, 4.058047e+002
7.441324e+003, 4.091330e+002
7.470621e+003, 4.130715e+002
7.499917e+003, 4.158657e+002
7.529214e+003, 4.185327e+002
7.558510e+003, 4.216066e+002
7.587807e+003, 4.262827e+002
7.617103e+003, 4.336800e+002
7.646400e+003, 4.426031e+002
7.675696e+003, 4.503563e+002
7.704993e+003, 4.560751e+002
7.734290e+003, 4.606240e+002
7.763586e+003, 4.662919e+002
7.792883e+003, 4.728245e+002
7.822179e+003, 4.806032e+002
7.851476e+003, 4.887380e+002
7.880772e+003, 4.955757e+002
7.910069e+003, 5.004807e+002
7.939365e+003, 5.034529e+002
7.968662e+003, 5.055604e+002
7.997959e+003, 5.072102e+002
8.027255e+003, 5.072323e+002
8.056552e+003, 5.056269e+002
8.085848e+003, 5.031567e+002
8.115145e+003, 4.990081e+002
8.144441e+003, 4.934354e+002
8.173738e+003, 4.869980e+002
8.203034e+003, 4.805352e+002
8.232331e+003, 4.755982e+002
8.261628e+003, 4.707884e+002
8.290924e+003, 4.646562e+002
8.320221e+003, 4.561334e+002
8.349517e+003, 4.472546e+002
8.378814e+003, 4.395202e+002
8.408110e+003, 4.334134e+002
8.437407e+003, 4.289850e+002
8.466703e+003, 4.255485e+002
8.496000e+003, 4.224935e+002
8.525296e+003, 4.192859e+002
8.554593e+003, 4.156205e+002
8.583890e+003, 4.118025e+002
8.613186e+003, 4.095612e+002
8.642483e+003, 4.079558e+002
8.671779e+003, 4.059943e+002
8.701076e+003, 4.043380e+002
8.730372e+003, 4.026308e+002
8.759669e+003, 4.010762e+002
8.788965e+003, 3.995216e+002
8.818262e+003, 3.978144e+002
8.847559e+003, 3.959038e+002
8.876855e+003, 3.941203e+002
8.906152e+003, 3.929981e+002
8.935448e+003, 3.914943e+002
8.964745e+003, 3.898889e+002
8.994041e+003, 3.876985e+002
9.023338e+003, 3.858642e+002
9.052634e+003, 3.844876e+002
9.081931e+003, 3.834671e+002
9.111228e+003, 3.822940e+002
9.140524e+003, 3.812989e+002
9.169821e+003, 3.809904e+002
9.199117e+003, 3.801987e+002
9.228414e+003, 3.787459e+002
9.257710e+003, 3.779034e+002
9.287007e+003, 3.775186e+002
9.316303e+003, 3.771339e+002
9.345600e+003, 3.763931e+002
9.374896e+003, 3.755506e+002
9.404193e+003, 3.743520e+002
9.433490e+003, 3.733823e+002
9.462786e+003, 3.731756e+002
9.492083e+003, 3.727909e+002
9.521379e+003, 3.719992e+002
9.550676e+003, 3.716145e+002
9.579972e+003, 3.716875e+002
9.609269e+003, 3.712773e+002
9.638565e+003, 3.709180e+002
9.667862e+003, 3.711181e+002
9.697159e+003, 3.717252e+002
9.726455e+003, 3.717474e+002
9.755752e+003, 3.718204e+002
9.785048e+003, 3.726055e+002
9.814345e+003, 3.734923e+002
9.843641e+003, 3.742774e+002
9.872938e+003, 3.755202e+002
9.902234e+003, 3.766614e+002
9.931531e+003, 3.774973e+002
9.960828e+003, 3.780535e+002
9.990124e+003, 3.791692e+002
1.001942e+004, 3.808190e+002
1.004872e+004, 3.818075e+002
1.007801e+004, 3.830249e+002
1.010731e+004, 3.842424e+002
1.013661e+004, 3.853072e+002
1.016590e+004, 3.863466e+002
1.019520e+004, 3.879709e+002
1.022450e+004, 3.899259e+002
1.025379e+004, 3.925166e+002
1.028309e+004, 3.945732e+002
1.031239e+004, 3.966553e+002
1.034168e+004, 3.997801e+002
1.037098e+004, 4.022945e+002
1.040028e+004, 4.043003e+002
1.042957e+004, 4.064587e+002
1.045887e+004, 4.089731e+002
1.048817e+004, 4.130134e+002
1.051746e+004, 4.179184e+002
1.054676e+004, 4.228234e+002
1.057606e+004, 4.269654e+002
1.060535e+004, 4.317178e+002
1.063465e+004, 4.371314e+002
1.066394e+004, 4.440708e+002
1.069324e+004, 4.518241e+002
1.072254e+004, 4.599843e+002
1.075183e+004, 4.673561e+002
1.078113e+004, 4.741684e+002
1.081043e+004, 4.795820e+002
1.083972e+004, 4.849447e+002
1.086902e+004, 4.906126e+002
1.089832e+004, 4.963314e+002
1.092761e+004, 5.004226e+002
1.095691e+004, 5.035982e+002
1.098621e+004, 5.052480e+002
1.101550e+004, 5.053718e+002
1.104480e+004, 5.045802e+002
1.107410e+004, 5.028730e+002
1.110339e+004, 4.996908e+002
1.113269e+004, 4.948810e+002
1.116199e+004, 4.899186e+002
1.119128e+004, 4.850580e+002
1.122058e+004, 4.799176e+002
1.124988e+004, 4.746754e+002
1.127917e+004, 4.688484e+002
1.130847e+004, 4.616989e+002
1.133777e+004, 4.547528e+002
1.136706e+004, 4.478577e+002
1.139636e+004, 4.420815e+002
1.142566e+004, 4.372208e+002
1.145495e+004, 4.331740e+002
1.148425e+004, 4.283133e+002
1.151354e+004, 4.235543e+002
1.154284e+004, 4.195584e+002
1.157214e+004, 4.170882e+002
1.160143e+004, 4.147198e+002
1.163073e+004, 4.123006e+002
1.166003e+004, 4.102374e+002
1.168932e+004, 4.078181e+002
1.171862e+004, 4.057040e+002
1.174792e+004, 4.038188e+002
1.177721e+004, 4.017810e+002
1.180651e+004, 4.002264e+002
1.183581e+004, 3.985701e+002
1.186510e+004, 3.970155e+002
1.189440e+004, 3.953592e+002
1.192370e+004, 3.938301e+002
1.195299e+004, 3.925806e+002
1.198229e+004, 3.913567e+002
1.201159e+004, 3.893697e+002
1.204088e+004, 3.873320e+002
1.207018e+004, 3.851416e+002
1.209948e+004, 3.835361e+002
1.212877e+004, 3.824139e+002
1.215807e+004, 3.809610e+002
1.218737e+004, 3.797370e+002
1.221666e+004, 3.793268e+002
1.224596e+004, 3.792473e+002
1.227526e+004, 3.784556e+002
1.230455e+004, 3.773588e+002
1.233385e+004, 3.760585e+002
1.236314e+004, 3.752668e+002
1.239244e+004, 3.746278e+002
1.242174e+004, 3.740142e+002
1.245103e+004, 3.734005e+002
1.248033e+004, 3.722528e+002
1.250963e+004, 3.718681e+002
1.253892e+004, 3.724752e+002
1.256822e+004, 3.727008e+002
1.259752e+004, 3.723414e+002
1.262681e+004, 3.714989e+002
1.265611e+004, 3.709362e+002
1.268541e+004, 3.711363e+002
1.271470e+004, 3.715145e+002
1.274400e+004, 3.715875e+002
1.277330e+004, 3.723218e+002
1.280259e+004, 3.724965e+002
1.283189e+004, 3.732816e+002
1.286119e+004, 3.741684e+002
1.289048e+004, 3.751569e+002
1.291978e+004, 3.760183e+002
1.294908e+004, 3.766763e+002
1.297837e+004, 3.774614e+002
1.300767e+004, 3.787042e+002
1.303697e+004, 3.795402e+002
1.306626e+004, 3.806813e+002
1.309556e+004, 3.816953e+002
1.312486e+004, 3.831670e+002
1.315415e+004, 3.843336e+002
1.318345e+004, 3.859833e+002
1.321274e+004, 3.876331e+002
1.324204e+004, 3.892828e+002
1.327134e+004, 3.907546e+002
1.330063e+004, 3.930655e+002
1.332993e+004, 3.948933e+002
1.335923e+004, 3.968991e+002
1.338852e+004, 3.996424e+002
1.341782e+004, 4.022586e+002
1.344712e+004, 4.054851e+002
1.347641e+004, 4.087624e+002
1.350571e+004, 4.124467e+002
1.353501e+004, 4.169956e+002
1.356430e+004, 4.218497e+002
1.359360e+004, 4.263478e+002
1.362290e+004, 4.312782e+002
1.365219e+004, 4.372767e+002
1.368149e+004, 4.446231e+002
1.371079e+004, 4.523001e+002
1.374008e+004, 4.593158e+002
1.376938e+004, 4.658484e+002
1.379868e+004, 4.727116e+002
1.382797e+004, 4.797273e+002
1.385727e+004, 4.855478e+002
1.388657e+004, 4.906817e+002
1.391586e+004, 4.954341e+002
1.394516e+004, 5.003136e+002
1.397446e+004, 5.039470e+002
1.400375e+004, 5.060037e+002
1.403305e+004, 5.060258e+002
1.406234e+004, 5.043695e+002
1.409164e+004, 5.027132e+002
1.412094e+004, 5.003956e+002
1.415023e+004, 4.971626e+002
1.417953e+004, 4.930140e+002
1.420883e+004, 4.876701e+002
1.423812e+004, 4.818177e+002
1.426742e+004, 4.751768e+002
1.429672e+004, 4.663997e+002
1.432601e+004, 4.582330e+002
1.435531e+004, 4.517956e+002
1.438461e+004, 4.472909e+002
1.441390e+004, 4.428880e+002
1.444320e+004, 4.379765e+002
1.447250e+004, 4.319206e+002
1.450179e+004, 4.258646e+002
1.453109e+004, 4.208514e+002
1.456039e+004, 4.171351e+002
1.458968e+004, 4.151991e+002
1.461898e+004, 4.136953e+002
1.464828e+004, 4.116830e+002
1.467757e+004, 4.090857e+002
1.470687e+004, 4.064376e+002
1.473617e+004, 4.044506e+002
1.476546e+004, 4.031249e+002
1.479476e+004, 4.016212e+002
1.482406e+004, 3.999140e+002
1.485335e+004, 3.980288e+002
1.488265e+004, 3.967031e+002
1.491194e+004, 3.951994e+002
1.494124e+004, 3.934922e+002
1.497054e+004, 3.911747e+002
1.499983e+004, 3.889843e+002
1.502913e+004, 3.881926e+002
1.505843e+004, 3.875790e+002
1.508772e+004, 3.863805e+002
1.511702e+004, 3.847750e+002
1.514632e+004, 3.824066e+002
1.517561e+004, 3.809792e+002
1.520491e+004, 3.800095e+002
1.523421e+004, 3.791670e+002
1.526350e+004, 3.776124e+002
1.529280e+004, 3.768207e+002
1.532210e+004, 3.767920e+002
1.535139e+004, 3.767125e+002
1.538069e+004, 3.760225e+002
1.540999e+004, 3.746460e+002
1.543928e+004, 3.736763e+002
1.546858e+004, 3.735967e+002
1.549788e+004, 3.735680e+002
1.552717e+004, 3.736919e+002
1.555647e+004, 3.737140e+002
1.558577e+004, 3.736345e+002
1.561506e+004, 3.729445e+002
1.564436e+004, 3.728650e+002
1.567366e+004, 3.728871e+002
1.570295e+004, 3.730110e+002
1.573225e+004, 3.730331e+002
1.576154e+004, 3.726738e+002
1.579084e+004, 3.729757e+002
1.582014e+004, 3.733285e+002
1.584943e+004, 3.739864e+002
1.587873e+004, 3.754836e+002
1.590803e+004, 3.764721e+002
1.593732e+004, 3.773081e+002
1.596662e+004, 3.781695e+002
1.599592e+004, 3.791580e+002
1.602521e+004, 3.801974e+002
1.605451e+004, 3.814148e+002
1.608381e+004, 3.826831e+002
1.611310e+004, 3.839514e+002
1.614240e+004, 3.851688e+002
1.617170e+004, 3.862845e+002
1.620099e+004, 3.872731e+002
1.623029e+004, 3.889228e+002
1.625959e+004, 3.912338e+002
1.628888e+004, 3.930361e+002
1.631818e+004, 3.946859e+002
1.634748e+004, 3.967171e+002
1.637677e+004, 3.990535e+002
1.640607e+004, 4.012119e+002
1.643537e+004, 4.035737e+002
1.646466e+004, 4.057321e+002
1.649396e+004, 4.081957e+002
1.652326e+004, 4.110661e+002
1.655255e+004, 4.152082e+002
1.658185e+004, 4.200623e+002
1.661114e+004, 4.243823e+002
1.664044e+004, 4.278377e+002
1.666974e+004, 4.314711e+002
1.669903e+004, 4.366558e+002
1.672833e+004, 4.444854e+002
1.675763e+004, 4.521624e+002
1.678692e+004, 4.592799e+002
1.681622e+004, 4.662193e+002
1.684552e+004, 4.731588e+002
1.687481e+004, 4.797422e+002
1.690411e+004, 4.862240e+002
1.693341e+004, 4.919936e+002
1.696270e+004, 4.968986e+002
1.699200e+004, 5.001759e+002
1.702130e+004, 5.025886e+002
1.705059e+004, 5.038315e+002
1.707989e+004, 5.049726e+002
1.710919e+004, 5.035197e+002
1.713848e+004, 5.009479e+002
1.716778e+004, 4.978166e+002
1.719708e+004, 4.938206e+002
1.722637e+004, 4.885021e+002
1.725567e+004, 4.823190e+002
1.728497e+004, 4.766446e+002
1.731426e+004, 4.703089e+002
1.734356e+004, 4.638206e+002
1.737286e+004, 4.568746e+002
1.740215e+004, 4.499794e+002
1.743145e+004, 4.434911e+002
1.746074e+004, 4.378675e+002
1.749004e+004, 4.330069e+002
1.751934e+004, 4.285022e+002
1.754863e+004, 4.244554e+002
1.757793e+004, 4.202305e+002
1.760723e+004, 4.174806e+002
1.763652e+004, 4.151631e+002
1.766582e+004, 4.131507e+002
1.769512e+004, 4.110367e+002
1.772441e+004, 4.091260e+002
1.775371e+004, 4.078258e+002
1.778301e+004, 4.063729e+002
1.781230e+004, 4.054286e+002
1.784160e+004, 4.039249e+002
1.787090e+004, 4.023703e+002
1.790019e+004, 4.007140e+002
1.792949e+004, 3.995409e+002
1.795879e+004, 3.987492e+002
1.798808e+004, 3.975253e+002
1.801738e+004, 3.959198e+002
1.804668e+004, 3.939074e+002
1.807597e+004, 3.913610e+002
1.810527e+004, 3.894758e+002
1.813457e+004, 3.877687e+002
1.816386e+004, 3.862649e+002
1.819316e+004, 3.850664e+002
1.822246e+004, 3.839187e+002
1.825175e+004, 3.830762e+002
1.828105e+004, 3.823354e+002
1.831034e+004, 3.822049e+002
1.833964e+004, 3.815659e+002
1.836894e+004, 3.811557e+002
1.839823e+004, 3.807455e+002
1.842753e+004, 3.800302e+002
1.845683e+004, 3.796200e+002
1.848612e+004, 3.792352e+002
1.851542e+004, 3.787996e+002
1.854472e+004, 3.784657e+002
1.857401e+004, 3.783353e+002
1.860331e+004, 3.772639e+002
1.863261e+004, 3.767520e+002
1.866190e+004, 3.777405e+002
1.869120e+004, 3.793394e+002
1.872050e+004, 3.789547e+002
1.874979e+004, 3.765608e+002
1.877909e+004, 3.752351e+002
1.880839e+004, 3.745961e+002
1.883768e+004, 3.753812e+002
1.886698e+004, 3.754033e+002
1.889628e+004, 3.753237e+002
1.892557e+004, 3.750661e+002
1.895487e+004, 3.746560e+002
1.898417e+004, 3.746781e+002
1.901346e+004, 3.757430e+002
1.904276e+004, 3.773927e+002
1.907206e+004, 3.788136e+002
1.910135e+004, 3.795478e+002
1.913065e+004, 3.805618e+002
1.915994e+004, 3.825422e+002
1.918924e+004, 3.841919e+002
1.921854e+004, 3.854348e+002
1.924783e+004, 3.864996e+002
1.927713e+004, 3.878187e+002
1.930643e+004, 3.896211e+002
1.933572e+004, 3.916523e+002
1.936502e+004, 3.936835e+002
1.939432e+004, 3.961471e+002
1.942361e+004, 3.985089e+002
1.945291e+004, 4.001587e+002
1.948221e+004, 4.018085e+002
1.951150e+004, 4.035599e+002
1.954080e+004, 4.067356e+002
1.957010e+004, 4.105216e+002
1.959939e+004, 4.150196e+002
1.962869e+004, 4.199246e+002
1.965799e+004, 4.248296e+002
1.968728e+004, 4.296328e+002
1.971658e+004, 4.345378e+002
1.974588e+004, 4.403583e+002
1.977517e+004, 4.485184e+002
1.980447e+004, 4.583062e+002
1.983377e+004, 4.665173e+002
1.986306e+004, 4.730753e+002
1.989236e+004, 4.787686e+002
1.992166e+004, 4.843348e+002
1.995095e+004, 4.897484e+002
1.998025e+004, 4.951111e+002
2.000954e+004, 5.000161e+002
2.003884e+004, 5.043616e+002
2.006814e+004, 5.064182e+002
2.009743e+004, 5.065421e+002
2.012673e+004, 5.053435e+002
2.015603e+004, 5.029497e+002
2.018532e+004, 5.009119e+002
2.021462e+004, 4.985435e+002
2.024392e+004, 4.948527e+002
2.027321e+004, 4.883644e+002
2.030251e+004, 4.806555e+002
2.033181e+004, 4.737603e+002
2.036110e+004, 4.672975e+002
2.039040e+004, 4.612415e+002
2.041970e+004, 4.559231e+002
2.044899e+004, 4.506555e+002
2.047829e+004, 4.442181e+002
2.050759e+004, 4.376790e+002
2.053688e+004, 4.312416e+002
2.056618e+004, 4.263809e+002
2.059548e+004, 4.223340e+002
2.062477e+004, 4.186432e+002
2.065407e+004, 4.150033e+002
2.068337e+004, 4.117702e+002
2.071266e+004, 4.093001e+002
2.074196e+004, 4.069826e+002
2.077126e+004, 4.052245e+002
2.080055e+004, 4.037716e+002
2.082985e+004, 4.025477e+002
2.085914e+004, 4.013237e+002
2.088844e+004, 3.996165e+002
2.091774e+004, 3.973244e+002
2.094703e+004, 3.952866e+002
2.097633e+004, 3.933251e+002
2.100563e+004, 3.920757e+002
2.103492e+004, 3.913095e+002
2.106422e+004, 3.901618e+002
2.109352e+004, 3.880986e+002
2.112281e+004, 3.852978e+002
2.115211e+004, 3.832346e+002
2.118141e+004, 3.822650e+002
2.121070e+004, 3.820582e+002
2.124000e+004, 3.816989e+002
2.126930e+004, 3.812887e+002
2.129859e+004, 3.799884e+002
2.132789e+004, 3.783067e+002
2.135719e+004, 3.768793e+002
2.138648e+004, 3.759096e+002
2.141578e+004, 3.756011e+002
2.144508e+004, 3.753181e+002
2.147437e+004, 3.749842e+002
2.150367e+004, 3.745740e+002
2.153297e+004, 3.742402e+002
2.156226e+004, 3.742369e+002
2.159156e+004, 3.738267e+002
2.162085e+004, 3.734165e+002
2.165015e+004, 3.730318e+002
2.167945e+004, 3.725453e+002
2.170874e+004, 3.719062e+002
2.173804e+004, 3.725896e+002
2.176734e+004, 3.731204e+002
2.179663e+004, 3.731679e+002
2.182593e+004, 3.727578e+002
2.185523e+004, 3.726782e+002
2.188452e+004, 3.732090e+002
2.191382e+004, 3.744518e+002
2.194312e+004, 3.756947e+002
2.197241e+004, 3.768358e+002
2.200171e+004, 3.777735e+002
2.203101e+004, 3.794232e+002
2.206030e+004, 3.801575e+002
2.208960e+004, 3.803322e+002
2.211890e+004, 3.811173e+002
2.214819e+004, 3.823856e+002
2.217749e+004, 3.840353e+002
2.220679e+004, 3.851510e+002
2.223608e+004, 3.856818e+002
2.226538e+004, 3.868230e+002
2.229468e+004, 3.877606e+002
2.232397e+004, 3.893087e+002
2.235327e+004, 3.909584e+002
2.238257e+004, 3.927099e+002
2.241186e+004, 3.955804e+002
2.244116e+004, 3.984508e+002
2.247045e+004, 4.005075e+002
2.249975e+004, 4.019792e+002
2.252905e+004, 4.038324e+002
2.255834e+004, 4.062706e+002
2.258764e+004, 4.100057e+002
2.261694e+004, 4.148598e+002
2.264623e+004, 4.196630e+002
2.267553e+004, 4.237542e+002
2.270483e+004, 4.267518e+002
2.273412e+004, 4.304106e+002
2.276342e+004, 4.361294e+002
2.279272e+004, 4.430943e+002
2.282201e+004, 4.508730e+002
2.285131e+004, 4.582448e+002
2.288061e+004, 4.647011e+002
2.290990e+004, 4.695043e+002
2.293920e+004, 4.737481e+002
2.296850e+004, 4.794669e+002
2.299779e+004, 4.867624e+002
2.302709e+004, 4.941088e+002
2.305639e+004, 4.997258e+002
2.308568e+004, 5.027234e+002
2.311498e+004, 5.039917e+002
2.314428e+004, 5.048022e+002
2.317357e+004, 5.048244e+002
2.320287e+004, 5.036004e+002
2.323217e+004, 5.007742e+002
2.326146e+004, 4.961425e+002
2.329076e+004, 4.914598e+002
2.332005e+004, 4.861922e+002
2.334935e+004, 4.805686e+002
2.337865e+004, 4.744364e+002
2.340794e+004, 4.671598e+002
2.343724e+004, 4.594254e+002
2.346654e+004, 4.523522e+002
2.349583e+004, 4.468812e+002
2.352513e+004, 4.424020e+002
2.355443e+004, 4.374396e+002
2.358372e+004, 4.318668e+002
2.361302e+004, 4.256074e+002
2.364232e+004, 4.205179e+002
2.367161e+004, 4.171831e+002
2.370091e+004, 4.148656e+002
2.373021e+004, 4.131584e+002
2.375950e+004, 4.116547e+002
2.378880e+004, 4.104561e+002
2.381810e+004, 4.092576e+002
2.384739e+004, 4.076012e+002
2.387669e+004, 4.052329e+002
2.390599e+004, 4.028899e+002
2.393528e+004, 4.016150e+002
2.396458e+004, 4.008488e+002
2.399388e+004, 4.000572e+002
2.402317e+004, 3.984263e+002
2.405247e+004, 3.968208e+002
2.408177e+004, 3.952154e+002
2.411106e+004, 3.932030e+002
2.414036e+004, 3.914958e+002
2.416965e+004, 3.903990e+002
2.419895e+004, 3.892513e+002
2.422825e+004, 3.875950e+002
2.425754e+004, 3.855827e+002
2.428684e+004, 3.837992e+002
2.431614e+004, 3.826769e+002
2.434543e+004, 3.818853e+002
2.437473e+004, 3.808139e+002
2.440403e+004, 3.796407e+002
2.443332e+004, 3.787982e+002
2.446262e+004, 3.780574e+002
2.449192e+004, 3.774184e+002
2.452121e+004, 3.768302e+002
2.455051e+004, 3.763437e+002
2.457981e+004, 3.760607e+002
2.460910e+004, 3.755742e+002
2.463840e+004, 3.752912e+002
2.466770e+004, 3.753133e+002
2.469699e+004, 3.751575e+002
2.472629e+004, 3.745693e+002
2.475559e+004, 3.743880e+002
2.478488e+004, 3.742321e+002
2.481418e+004, 3.746103e+002
2.484348e+004, 3.746579e+002
2.487277e+004, 3.750615e+002
2.490207e+004, 3.757957e+002
2.493137e+004, 3.766317e+002
2.496066e+004, 3.775694e+002
2.498996e+004, 3.774898e+002
2.501925e+004, 3.776137e+002
2.504855e+004, 3.786785e+002
2.507785e+004, 3.801502e+002
2.510714e+004, 3.816474e+002
2.513644e+004, 3.824833e+002
2.516574e+004, 3.828361e+002
2.519503e+004, 3.834432e+002
2.522433e+004, 3.846860e+002
2.525363e+004, 3.866410e+002
2.528292e+004, 3.892063e+002
2.531222e+004, 3.916698e+002
2.534152e+004, 3.940316e+002
2.537081e+004, 3.957831e+002
2.540011e+004, 3.989588e+002
2.542941e+004, 4.031517e+002
2.545870e+004, 4.087687e+002
2.548800e+004, 4.144875e+002
2.551730e+004, 4.197230e+002
2.554659e+004, 4.248060e+002
2.557589e+004, 4.293550e+002
2.560519e+004, 4.350229e+002
2.563448e+004, 4.419878e+002
2.566378e+004, 4.496139e+002
2.569308e+004, 4.562482e+002
2.572237e+004, 4.630859e+002
2.575167e+004, 4.685250e+002
2.578097e+004, 4.729976e+002
2.581026e+004, 4.773939e+002
2.583956e+004, 4.824006e+002
2.586885e+004, 4.888315e+002
2.589815e+004, 4.938382e+002
2.592745e+004, 4.971155e+002
2.595674e+004, 4.988161e+002
2.598604e+004, 5.000081e+002
2.601534e+004, 5.006661e+002
2.604463e+004, 5.019852e+002
2.607393e+004, 5.036350e+002
2.610323e+004, 5.058188e+002
2.613252e+004, 5.085621e+002
2.616182e+004, 5.102119e+002
2.619112e+004, 5.103357e+002
2.622041e+004, 5.094424e+002
2.624971e+004, 5.078369e+002
2.627901e+004, 5.055194e+002
2.630830e+004, 5.023372e+002
2.633760e+004, 4.974256e+002
2.636690e+004, 4.905305e+002
2.639619e+004, 4.840422e+002
2.642549e+004, 4.788255e+002
2.645479e+004, 4.751347e+002
2.648408e+004, 4.715456e+002
2.651338e+004, 4.674479e+002
2.654268e+004, 4.608579e+002
2.657197e+004, 4.519282e+002
2.660127e+004, 4.443209e+002
2.663057e+004, 4.394857e+002
2.665986e+004, 4.350574e+002
2.668916e+004, 4.297389e+002
2.671845e+004, 4.245222e+002
2.674775e+004, 4.221030e+002
2.677705e+004, 4.229389e+002
2.680634e+004, 4.244361e+002
2.683564e+004, 4.229324e+002
2.686494e+004, 4.185040e+002
2.689423e+004, 4.126261e+002
2.692353e+004, 4.082995e+002
2.695283e+004, 4.066432e+002
2.698212e+004, 4.075809e+002
2.701142e+004, 4.092306e+002
2.704072e+004, 4.093291e+002
2.707001e+004, 4.068335e+002
2.709931e+004, 4.019729e+002
2.712861e+004, 3.979260e+002
2.715790e+004, 3.955576e+002
2.718720e+004, 3.947151e+002
2.721650e+004, 3.938217e+002
2.724579e+004, 3.927249e+002
2.727509e+004, 3.915263e+002
2.730439e+004, 3.895394e+002
2.733368e+004, 3.875016e+002
2.736298e+004, 3.851332e+002
2.739228e+004, 3.830700e+002
2.742157e+004, 3.814646e+002
2.745087e+004, 3.806729e+002
2.748017e+004, 3.798813e+002
2.750946e+004, 3.789116e+002
2.753876e+004, 3.783234e+002
2.756805e+004, 3.773283e+002
2.759735e+004, 3.763077e+002
2.762665e+004, 3.755161e+002
2.765594e+004, 3.747753e+002
2.768524e+004, 3.747975e+002
2.771454e+004, 3.751756e+002
2.774383e+004, 3.755030e+002
2.777313e+004, 3.752199e+002
2.780243e+004, 3.750641e+002
2.783172e+004, 3.752642e+002
2.786102e+004, 3.757442e+002
2.789032e+004, 3.757663e+002
2.791961e+004, 3.753561e+002
2.794891e+004, 3.756580e+002
2.797821e+004, 3.766466e+002
2.800750e+004, 3.776605e+002
2.803680e+004, 3.786745e+002
2.806610e+004, 3.799174e+002
2.809539e+004, 3.811602e+002
2.812469e+004, 3.818182e+002
2.815399e+004, 3.823235e+002
2.818328e+004, 3.832612e+002
2.821258e+004, 3.873524e+002
2.824188e+004, 3.946987e+002
2.827117e+004, 4.008244e+002
2.830047e+004, 4.008466e+002
2.832977e+004, 3.963928e+002
2.835906e+004, 3.923459e+002
2.838836e+004, 3.911728e+002
2.841765e+004, 3.922885e+002
2.844695e+004, 3.936331e+002
2.847625e+004, 3.947742e+002
2.850554e+004, 3.959408e+002
2.853484e+004, 3.973616e+002
2.856414e+004, 3.997235e+002
2.859343e+004, 4.018819e+002
2.862273e+004, 4.039385e+002
2.865203e+004, 4.054866e+002
2.868132e+004, 4.074669e+002
2.871062e+004, 4.104137e+002
2.873992e+004, 4.133859e+002
2.876921e+004, 4.171210e+002
2.879851e+004, 4.222040e+002
2.882781e+004, 4.281008e+002
2.885710e+004, 4.338195e+002
2.888640e+004, 4.391823e+002
2.891570e+004, 4.440364e+002
2.894499e+004, 4.497551e+002
2.897429e+004, 4.565166e+002
2.900359e+004, 4.652617e+002
2.903288e+004, 4.741339e+002
2.906218e+004, 4.814803e+002
2.909148e+004, 4.868939e+002
2.912077e+004, 4.912903e+002
2.915007e+004, 4.945676e+002
2.917937e+004, 4.972092e+002
2.920866e+004, 5.003085e+002
2.923796e+004, 5.024669e+002
2.926725e+004, 5.033029e+002
2.929655e+004, 5.025112e+002
2.932585e+004, 5.007277e+002
2.935514e+004, 4.991223e+002
2.938444e+004, 4.971862e+002
2.941374e+004, 4.936480e+002
2.944303e+004, 4.892451e+002
2.947233e+004, 4.839521e+002
2.950163e+004, 4.790660e+002
2.953092e+004, 4.762398e+002
2.956022e+004, 4.753465e+002
2.958952e+004, 4.745548e+002
2.961881e+004, 4.737632e+002
2.964811e+004, 4.718780e+002
2.967741e+004, 4.706540e+002
2.970670e+004, 4.699132e+002
2.973600e+004, 4.691215e+002
2.976530e+004, 4.681773e+002
2.979459e+004, 4.666736e+002
2.982389e+004, 4.649664e+002
2.985319e+004, 4.602583e+002
2.988248e+004, 4.508709e+002
2.991178e+004, 4.390929e+002
2.994108e+004, 4.294003e+002
2.997037e+004, 4.236749e+002
2.999967e+004, 4.188143e+002
3.002897e+004, 4.135467e+002
3.005826e+004, 4.077705e+002
3.008756e+004, 4.026301e+002
3.011685e+004, 3.987867e+002
3.014615e+004, 3.963674e+002
3.017545e+004, 3.945331e+002
3.020474e+004, 3.929276e+002
3.023404e+004, 3.917291e+002
3.026334e+004, 3.909374e+002
3.029263e+004, 3.896372e+002
3.032193e+004, 3.880317e+002
3.035123e+004, 3.861211e+002
3.038052e+004, 3.843376e+002
3.040982e+004, 3.824015e+002
3.043912e+004, 3.799823e+002
3.046841e+004, 3.780971e+002
3.049771e+004, 3.776869e+002
3.052701e+004, 3.776582e+002
3.055630e+004, 3.773243e+002
3.058560e+004, 3.769396e+002
3.061490e+004, 3.753850e+002
3.064419e+004, 3.733217e+002
3.067349e+004, 3.712077e+002
3.070279e+004, 3.704160e+002
3.073208e+004, 3.712520e+002
3.076138e+004, 3.716047e+002
3.079068e+004, 3.713980e+002
3.081997e+004, 3.708352e+002
3.084927e+004, 3.705268e+002
3.087857e+004, 3.698368e+002
3.090786e+004, 3.693504e+002
3.093716e+004, 3.690673e+002
3.096645e+004, 3.690895e+002
3.099575e+004, 3.699254e+002
3.102505e+004, 3.708123e+002
3.105434e+004, 3.712159e+002
3.108364e+004, 3.716704e+002
3.111294e+004, 3.723537e+002
3.114223e+004, 3.724268e+002
3.117153e+004, 3.725506e+002
3.120083e+004, 3.729542e+002
3.123012e+004, 3.737648e+002
3.125942e+004, 3.746007e+002
3.128872e+004, 3.754367e+002
3.131801e+004, 3.762726e+002
3.134731e+004, 3.775155e+002
3.137661e+004, 3.785803e+002
3.140590e+004, 3.796197e+002
3.143520e+004, 3.812695e+002
3.146450e+004, 3.833007e+002
3.149379e+004, 3.848487e+002
3.152309e+004, 3.864985e+002
3.155239e+004, 3.882500e+002
3.158168e+004, 3.899506e+002
3.161098e+004, 3.917784e+002
3.164028e+004, 3.936062e+002
3.166957e+004, 3.956628e+002
3.169887e+004, 3.982027e+002
3.172817e+004, 4.014546e+002
3.175746e+004, 4.046811e+002
3.178676e+004, 4.079585e+002
3.181605e+004, 4.124565e+002
3.184535e+004, 4.171835e+002
3.187465e+004, 4.222919e+002
3.190394e+004, 4.276292e+002
3.193324e+004, 4.332971e+002
3.196254e+004, 4.394228e+002
3.199183e+004, 4.454467e+002
3.202113e+004, 4.513181e+002
3.205043e+004, 4.585119e+002
3.207972e+004, 4.666720e+002
3.210902e+004, 4.745270e+002
3.213832e+004, 4.810596e+002
3.216761e+004, 4.868038e+002
3.219691e+004, 4.924971e+002
3.222621e+004, 4.978090e+002
3.225550e+004, 5.019510e+002
3.228480e+004, 5.043637e+002
3.231410e+004, 5.051997e+002
3.234339e+004, 5.048149e+002
3.237269e+004, 5.040233e+002
3.240199e+004, 5.024433e+002
3.243128e+004, 4.996425e+002
3.246058e+004, 4.955957e+002
3.248988e+004, 4.905824e+002
3.251917e+004, 4.834329e+002
3.254847e+004, 4.765123e+002
3.257777e+004, 4.704564e+002
3.260706e+004, 4.646293e+002
3.263636e+004, 4.576579e+002
3.266565e+004, 4.513476e+002
3.269495e+004, 4.446813e+002
3.272425e+004, 4.387271e+002
3.275354e+004, 4.323660e+002
3.278284e+004, 4.262084e+002
3.281214e+004, 4.205339e+002
3.284143e+004, 4.159784e+002
3.287073e+004, 4.128979e+002
3.290003e+004, 4.112925e+002
3.292932e+004, 4.092293e+002
3.295862e+004, 4.066320e+002
3.298792e+004, 4.043907e+002
3.301721e+004, 4.019969e+002
3.304651e+004, 3.999591e+002
3.307581e+004, 3.983537e+002
3.310510e+004, 3.971805e+002
3.313440e+004, 3.959566e+002
3.316370e+004, 3.948343e+002
3.319299e+004, 3.939918e+002
3.322229e+004, 3.931747e+002
3.325159e+004, 3.911624e+002
3.328088e+004, 3.887431e+002
3.331018e+004, 3.871376e+002
3.333948e+004, 3.863969e+002
3.336877e+004, 3.857832e+002
3.339807e+004, 3.843558e+002
3.342737e+004, 3.824197e+002
3.345666e+004, 3.807380e+002
3.348596e+004, 3.793614e+002
3.351525e+004, 3.783917e+002
3.354455e+004, 3.779561e+002
3.357385e+004, 3.775714e+002
3.360314e+004, 3.770086e+002
3.363244e+004, 3.758863e+002
3.366174e+004, 3.742809e+002
3.369103e+004, 3.727772e+002
3.372033e+004, 3.716040e+002
3.374963e+004, 3.706089e+002
3.377892e+004, 3.704531e+002
3.380822e+004, 3.706532e+002
3.383752e+004, 3.706754e+002
3.386681e+004, 3.703669e+002
3.389611e+004, 3.696770e+002
3.392541e+004, 3.691142e+002
3.395470e+004, 3.685006e+002
3.398400e+004, 3.680141e+002
3.401330e+004, 3.681380e+002
3.404259e+004, 3.684653e+002
3.407189e+004, 3.692250e+002
3.410119e+004, 3.698321e+002
3.413048e+004, 3.698542e+002
3.415978e+004, 3.701052e+002
3.418908e+004, 3.709412e+002
3.421837e+004, 3.720060e+002
3.424767e+004, 3.730963e+002
3.427697e+004, 3.740848e+002
3.430626e+004, 3.757600e+002
3.433556e+004, 3.772318e+002
3.436485e+004, 3.777626e+002
3.439415e+004, 3.782425e+002
3.442345e+004, 3.794345e+002
3.445274e+004, 3.807536e+002
3.448204e+004, 3.825560e+002
3.451134e+004, 3.839768e+002
3.454063e+004, 3.848636e+002
3.456993e+004, 3.852927e+002
3.459923e+004, 3.860778e+002
3.462852e+004, 3.873206e+002
3.465782e+004, 3.889704e+002
3.468712e+004, 3.908490e+002
3.471641e+004, 3.935160e+002
3.474571e+004, 3.965900e+002
3.477501e+004, 3.995367e+002
3.480430e+004, 4.016951e+002
3.483360e+004, 4.033703e+002
3.486290e+004, 4.061136e+002
3.489219e+004, 4.103828e+002
3.492149e+004, 4.154403e+002
3.495079e+004, 4.213371e+002
3.498008e+004, 4.273611e+002
3.500938e+004, 4.327747e+002
3.503868e+004, 4.384934e+002
3.506797e+004, 4.450260e+002
3.509727e+004, 4.534914e+002
3.512657e+004, 4.620584e+002
3.515586e+004, 4.698117e+002
3.518516e+004, 4.750473e+002
3.521445e+004, 4.801303e+002
3.524375e+004, 4.863068e+002
3.527305e+004, 4.936023e+002
3.530234e+004, 5.001349e+002
3.533164e+004, 5.046330e+002
3.536094e+004, 5.067405e+002
3.539023e+004, 5.075764e+002
3.541953e+004, 5.079546e+002
3.544883e+004, 5.068069e+002
3.547812e+004, 5.058627e+002
3.550742e+004, 5.021464e+002
3.553672e+004, 4.978707e+002
3.556601e+004, 4.929083e+002
3.559531e+004, 4.873356e+002
3.562461e+004, 4.807456e+002
3.565390e+004, 4.735452e+002
3.568320e+004, 4.669552e+002
3.571250e+004, 4.601618e+002
3.574179e+004, 4.528851e+002
3.577109e+004, 4.455576e+002
3.580039e+004, 4.391456e+002
3.582968e+004, 4.337001e+002
3.585898e+004, 4.277204e+002
3.588828e+004, 4.216899e+002
3.591757e+004, 4.160154e+002
3.594687e+004, 4.119177e+002
3.597617e+004, 4.089135e+002
3.600546e+004, 4.066723e+002
3.603476e+004, 4.047108e+002
3.606405e+004, 4.026476e+002
3.609335e+004, 4.002538e+002
3.612265e+004, 3.982160e+002
3.615194e+004, 3.966105e+002
3.618124e+004, 3.950559e+002
3.621054e+004, 3.944423e+002
3.623983e+004, 3.934726e+002
3.626913e+004, 3.922232e+002
3.629843e+004, 3.909229e+002
3.632772e+004, 3.893683e+002
3.635702e+004, 3.874323e+002
3.638632e+004, 3.854199e+002
3.641561e+004, 3.837890e+002
3.644491e+004, 3.825905e+002
3.647421e+004, 3.813919e+002
3.650350e+004, 3.802188e+002
3.653280e+004, 3.788931e+002
3.656210e+004, 3.769825e+002
3.659139e+004, 3.756822e+002
3.662069e+004, 3.742548e+002
3.664999e+004, 3.734377e+002
3.667928e+004, 3.726460e+002
3.670858e+004, 3.718035e+002
3.673788e+004, 3.701981e+002
3.676717e+004, 3.686435e+002
3.679647e+004, 3.680298e+002
3.682577e+004, 3.674416e+002
3.685506e+004, 3.662177e+002
3.688436e+004, 3.654260e+002
3.691365e+004, 3.653464e+002
3.694295e+004, 3.654703e+002
3.697225e+004, 3.655433e+002
3.700154e+004, 3.651077e+002
3.703084e+004, 3.643415e+002
3.706014e+004, 3.638804e+002
3.708943e+004, 3.633685e+002
3.711873e+004, 3.635687e+002
3.714803e+004, 3.647098e+002
3.717732e+004, 3.648846e+002
3.720662e+004, 3.647541e+002
3.723592e+004, 3.649289e+002
3.726521e+004, 3.661463e+002
3.729451e+004, 3.672620e+002
3.732381e+004, 3.677928e+002
3.735310e+004, 3.682727e+002
3.738240e+004, 3.694647e+002
3.741170e+004, 3.703261e+002
3.744099e+004, 3.714418e+002
3.747029e+004, 3.722777e+002
3.749959e+004, 3.732154e+002
3.752888e+004, 3.739496e+002
3.755818e+004, 3.749382e+002
3.758748e+004, 3.769440e+002
3.761677e+004, 3.785937e+002
3.764607e+004, 3.806504e+002
3.767537e+004, 3.827070e+002
3.770466e+004, 3.835684e+002
3.773396e+004, 3.846841e+002
3.776325e+004, 3.864356e+002
3.779255e+004, 3.884923e+002
3.782185e+004, 3.905998e+002
3.785114e+004, 3.937246e+002
3.788044e+004, 3.971036e+002
3.790974e+004, 4.012457e+002
3.793903e+004, 4.047011e+002
3.796833e+004, 4.077495e+002
3.799763e+004, 4.111032e+002
3.802692e+004, 4.151181e+002
3.805622e+004, 4.196161e+002
3.808552e+004, 4.259707e+002
3.811481e+004, 4.346141e+002
3.814411e+004, 4.435880e+002
3.817341e+004, 4.506547e+002
3.820270e+004, 4.551782e+002
3.823200e+004, 4.599814e+002
3.826130e+004, 4.665648e+002
3.829059e+004, 4.751319e+002
3.831989e+004, 4.836990e+002
3.834919e+004, 4.894686e+002
3.837848e+004, 4.935598e+002
3.840778e+004, 4.966846e+002
3.843708e+004, 4.993007e+002
3.846637e+004, 5.024255e+002
3.849567e+004, 5.046093e+002
3.852497e+004, 5.054198e+002
3.855426e+004, 5.042721e+002
3.858356e+004, 5.018783e+002
3.861285e+004, 4.992810e+002
3.864215e+004, 4.953868e+002
3.867145e+004, 4.903735e+002
3.870074e+004, 4.839870e+002
3.873004e+004, 4.769138e+002
3.875934e+004, 4.702729e+002
3.878863e+004, 4.641915e+002
3.881793e+004, 4.587460e+002
3.884723e+004, 4.508081e+002
3.887652e+004, 4.418021e+002
3.890582e+004, 4.332794e+002
3.893512e+004, 4.276049e+002
3.896441e+004, 4.248296e+002
3.899371e+004, 4.230715e+002
3.902301e+004, 4.198385e+002
3.905230e+004, 4.154864e+002
3.908160e+004, 4.109310e+002
3.911090e+004, 4.069858e+002
3.914019e+004, 4.037528e+002
3.916949e+004, 4.020456e+002
3.919879e+004, 4.009742e+002
3.922808e+004, 4.000554e+002
3.925738e+004, 3.983736e+002
3.928668e+004, 3.973531e+002
3.931597e+004, 3.966123e+002
3.934527e+004, 3.950069e+002
3.937457e+004, 3.921553e+002
3.940386e+004, 3.903464e+002
3.943316e+004, 3.889444e+002
3.946245e+004, 3.884325e+002
3.949175e+004, 3.873611e+002
3.952105e+004, 3.853741e+002
3.955034e+004, 3.828023e+002
3.957964e+004, 3.811968e+002
3.960894e+004, 3.793116e+002
3.963823e+004, 3.774773e+002
3.966753e+004, 3.760753e+002
3.969683e+004, 3.756905e+002
3.972612e+004, 3.756110e+002
3.975542e+004, 3.745396e+002
3.978472e+004, 3.728070e+002
3.981401e+004, 3.704894e+002
3.984331e+004, 3.687060e+002
3.987261e+004, 3.676854e+002
3.990190e+004, 3.676058e+002
3.993120e+004, 3.676280e+002
3.996050e+004, 3.668872e+002
3.998979e+004, 3.661973e+002
4.001909e+004, 3.654056e+002
4.004839e+004, 3.649700e+002
4.007768e+004, 3.642038e+002
4.010698e+004, 3.638445e+002
4.013628e+004, 3.633071e+002
4.016557e+004, 3.629224e+002
4.019487e+004, 3.626394e+002
4.022417e+004, 3.622800e+002
4.025346e+004, 3.622768e+002
4.028276e+004, 3.623498e+002
4.031205e+004, 3.625500e+002
4.034135e+004, 3.625721e+002
4.037065e+004, 3.631792e+002
4.039994e+004, 3.640151e+002
4.042924e+004, 3.649019e+002
4.045854e+004, 3.660939e+002
4.048783e+004, 3.667519e+002
4.051713e+004, 3.674098e+002
4.054643e+004, 3.686527e+002
4.057572e+004, 3.700735e+002
4.060502e+004, 3.713927e+002
4.063432e+004, 3.727373e+002
4.066361e+004, 3.746922e+002
4.069291e+004, 3.764945e+002
4.072221e+004, 3.788055e+002
4.075150e+004, 3.809639e+002
4.078080e+004, 3.829188e+002
4.081010e+004, 3.842634e+002
4.083939e+004, 3.857351e+002
4.086869e+004, 3.879698e+002
4.089799e+004, 3.904334e+002
4.092728e+004, 3.929732e+002
4.095658e+004, 3.960726e+002
4.098588e+004, 3.996806e+002
4.101517e+004, 4.030342e+002
4.104447e+004, 4.052689e+002
4.107377e+004, 4.078850e+002
4.110306e+004, 4.117473e+002
4.113236e+004, 4.166523e+002
4.116165e+004, 4.238969e+002
4.119095e+004, 4.313959e+002
4.122025e+004, 4.395052e+002
4.124954e+004, 4.469024e+002
4.127884e+004, 4.525704e+002
4.130814e+004, 4.575516e+002
4.133743e+004, 4.644402e+002
4.136673e+004, 4.733888e+002
4.139603e+004, 4.827697e+002
4.142532e+004, 4.905484e+002
4.145462e+004, 4.966486e+002
4.148392e+004, 5.007398e+002
4.151321e+004, 5.040171e+002
4.154251e+004, 5.064298e+002
4.157181e+004, 5.085373e+002
4.160110e+004, 5.089918e+002
4.163040e+004, 5.080730e+002
4.165970e+004, 5.061624e+002
4.168899e+004, 5.032345e+002
4.171829e+004, 4.996963e+002
4.174759e+004, 4.956494e+002
4.177688e+004, 4.908142e+002
4.180618e+004, 4.846057e+002
4.183548e+004, 4.765915e+002
4.186477e+004, 4.687808e+002
4.189407e+004, 4.620382e+002
4.192337e+004, 4.567198e+002
4.195266e+004, 4.518846e+002
4.198196e+004, 4.474054e+002
4.201125e+004, 4.413494e+002
4.204055e+004, 4.336659e+002
4.206985e+004, 4.254991e+002
4.209914e+004, 4.190109e+002
4.212844e+004, 4.149640e+002
4.215774e+004, 4.116292e+002
4.218703e+004, 4.081164e+002
4.221633e+004, 4.054937e+002
4.224563e+004, 4.035577e+002
4.227492e+004, 4.016725e+002
4.230422e+004, 3.995838e+002
4.233352e+004, 3.975206e+002
4.236281e+004, 3.960423e+002
4.239211e+004, 3.947166e+002
4.242141e+004, 3.931111e+002
4.245070e+004, 3.916583e+002
4.248000e+004, 3.908412e+002
4.250930e+004, 3.896681e+002
4.253859e+004, 3.879100e+002
4.256789e+004, 3.858977e+002
4.259719e+004, 3.835801e+002
4.262648e+004, 3.812117e+002
4.265578e+004, 3.791485e+002
4.268508e+004, 3.780008e+002
4.271437e+004, 3.778704e+002
4.274367e+004, 3.764430e+002
4.277297e+004, 3.743543e+002
4.280226e+004, 3.715281e+002
4.283156e+004, 3.695412e+002
4.286085e+004, 3.683681e+002
4.289015e+004, 3.679325e+002
4.291945e+004, 3.672171e+002
4.294874e+004, 3.668069e+002
4.297804e+004, 3.663713e+002
4.300734e+004, 3.652491e+002
4.303663e+004, 3.639997e+002
4.306593e+004, 3.630046e+002
4.309523e+004, 3.627978e+002
4.312452e+004, 3.624385e+002
4.315382e+004, 3.622318e+002
4.318312e+004, 3.619488e+002
4.321241e+004, 3.614877e+002
4.324171e+004, 3.613318e+002
4.327101e+004, 3.613540e+002
4.330030e+004, 3.617576e+002
4.332960e+004, 3.621612e+002
4.335890e+004, 3.622342e+002
4.338819e+004, 3.624344e+002
4.341749e+004, 3.624311e+002
4.344679e+004, 3.629619e+002
4.347608e+004, 3.633147e+002
4.350538e+004, 3.638200e+002
4.353468e+004, 3.643508e+002
4.356397e+004, 3.651868e+002
4.359327e+004, 3.660481e+002
4.362257e+004, 3.673164e+002
4.365186e+004, 3.688645e+002
4.368116e+004, 3.704633e+002
4.371045e+004, 3.714519e+002
4.373975e+004, 3.726439e+002
4.376905e+004, 3.739630e+002
4.379834e+004, 3.759434e+002
4.382764e+004, 3.780001e+002
4.385694e+004, 3.798787e+002
4.388623e+004, 3.816556e+002
4.391553e+004, 3.833562e+002
4.394483e+004, 3.845991e+002
4.397412e+004, 3.856639e+002
4.400342e+004, 3.871357e+002
4.403272e+004, 3.899807e+002
4.406201e+004, 3.936904e+002
4.409131e+004, 3.977815e+002
4.412061e+004, 4.009063e+002
4.414990e+004, 4.034716e+002
4.417920e+004, 4.066472e+002
4.420850e+004, 4.100263e+002
4.423779e+004, 4.143464e+002
4.426709e+004, 4.205483e+002
4.429639e+004, 4.288102e+002
4.432568e+004, 4.371993e+002
4.435498e+004, 4.437319e+002
4.438428e+004, 4.483062e+002
4.441357e+004, 4.529315e+002
4.444287e+004, 4.589300e+002
4.447217e+004, 4.659712e+002
4.450146e+004, 4.749451e+002
4.453076e+004, 4.842243e+002
4.456005e+004, 4.915707e+002
4.458935e+004, 4.943648e+002
4.461865e+004, 4.958366e+002
4.464794e+004, 4.981476e+002
4.467724e+004, 5.019590e+002
4.470654e+004, 5.056178e+002
4.473583e+004, 5.064538e+002
4.476513e+004, 5.047466e+002
4.479443e+004, 5.020221e+002
4.482372e+004, 5.000607e+002
4.485302e+004, 4.983026e+002
4.488232e+004, 4.942557e+002
4.491161e+004, 4.874623e+002
4.494091e+004, 4.789395e+002
4.497021e+004, 4.700098e+002
4.499950e+004, 4.626061e+002
4.502880e+004, 4.574402e+002
4.505810e+004, 4.542326e+002
4.508739e+004, 4.501603e+002
4.511669e+004, 4.419427e+002
4.514599e+004, 4.318940e+002
4.517528e+004, 4.229644e+002
4.520458e+004, 4.181037e+002
4.523388e+004, 4.157353e+002
4.526317e+004, 4.140790e+002
4.529247e+004, 4.112528e+002
4.532177e+004, 4.080198e+002
4.535106e+004, 4.043798e+002
4.538036e+004, 4.011467e+002
4.540965e+004, 3.979645e+002
4.543895e+004, 3.954944e+002
4.546825e+004, 3.941178e+002
4.549754e+004, 3.939874e+002
4.552684e+004, 3.940096e+002
4.555614e+004, 3.935740e+002
4.558543e+004, 3.923500e+002
4.561473e+004, 3.901596e+002
4.564403e+004, 3.875115e+002
4.567332e+004, 3.850922e+002
4.570262e+004, 3.833850e+002
4.573192e+004, 3.829240e+002
4.576121e+004, 3.823103e+002
4.579051e+004, 3.807303e+002
4.581981e+004, 3.783111e+002
4.584910e+004, 3.761715e+002
4.587840e+004, 3.737523e+002
4.590770e+004, 3.716382e+002
4.593699e+004, 3.702362e+002
4.596629e+004, 3.690377e+002
4.599559e+004, 3.682969e+002
4.602488e+004, 3.677595e+002
4.605418e+004, 3.665610e+002
4.608348e+004, 3.654896e+002
4.611277e+004, 3.649777e+002
4.614207e+004, 3.637028e+002
4.617137e+004, 3.626823e+002
4.620066e+004, 3.619415e+002
4.622996e+004, 3.618111e+002
4.625925e+004, 3.618332e+002
4.628855e+004, 3.614485e+002
4.631785e+004, 3.608348e+002
4.634714e+004, 3.603738e+002
4.637644e+004, 3.594804e+002
4.640574e+004, 3.586888e+002
4.643503e+004, 3.588126e+002
4.646433e+004, 3.592671e+002
4.649363e+004, 3.601031e+002
4.652292e+004, 3.605067e+002
4.655222e+004, 3.604271e+002
4.658152e+004, 3.606273e+002
4.661081e+004, 3.612852e+002
4.664011e+004, 3.610022e+002
4.666941e+004, 3.608463e+002
4.669870e+004, 3.615043e+002
4.672800e+004, 3.630014e+002
4.675730e+004, 3.643715e+002
4.678659e+004, 3.664027e+002
4.681589e+004, 3.680524e+002
4.684519e+004, 3.689392e+002
4.687448e+004, 3.701567e+002
4.690378e+004, 3.714504e+002
4.693308e+004, 3.730239e+002
4.696237e+004, 3.746736e+002
4.699167e+004, 3.762216e+002
4.702097e+004, 3.778714e+002
4.705026e+004, 3.803350e+002
4.707956e+004, 3.833071e+002
4.710885e+004, 3.855927e+002
4.713815e+004, 3.872424e+002
4.716745e+004, 3.886633e+002
4.719674e+004, 3.907454e+002
4.722604e+004, 3.935904e+002
4.725534e+004, 3.970967e+002
4.728463e+004, 4.024848e+002
4.731393e+004, 4.083053e+002
4.734323e+004, 4.134392e+002
4.737252e+004, 4.180135e+002
4.740182e+004, 4.214435e+002
4.743112e+004, 4.254838e+002
4.746041e+004, 4.302870e+002
4.748971e+004, 4.360058e+002
4.751901e+004, 4.455138e+002
4.754830e+004, 4.575396e+002
4.757760e+004, 4.678106e+002
4.760690e+004, 4.735293e+002
4.763619e+004, 4.765015e+002
4.766549e+004, 4.801858e+002
4.769479e+004, 4.855231e+002
4.772408e+004, 4.931492e+002
4.775338e+004, 5.005973e+002
4.778268e+004, 5.059092e+002
4.781197e+004, 5.075589e+002
4.784127e+004, 5.070725e+002
4.787057e+004, 5.060011e+002
4.789986e+004, 5.050060e+002
4.792916e+004, 5.044178e+002
4.795845e+004, 5.022782e+002
4.798775e+004, 4.967055e+002
4.801705e+004, 4.894034e+002
4.804634e+004, 4.821522e+002
4.807564e+004, 4.782834e+002
4.810494e+004, 4.764490e+002
4.813423e+004, 4.728091e+002
4.816353e+004, 4.651510e+002
4.819283e+004, 4.545937e+002
4.822212e+004, 4.432226e+002
4.825142e+004, 4.341403e+002
4.828072e+004, 4.276521e+002
4.831001e+004, 4.245207e+002
4.833931e+004, 4.236273e+002
4.836861e+004, 4.207249e+002
4.839790e+004, 4.152284e+002
4.842720e+004, 4.091471e+002
4.845650e+004, 4.038795e+002
4.848579e+004, 4.002396e+002
4.851509e+004, 3.985324e+002
4.854439e+004, 3.978424e+002
4.857368e+004, 3.978646e+002
4.860298e+004, 3.967169e+002
4.863228e+004, 3.946537e+002
4.866157e+004, 3.918530e+002
4.869087e+004, 3.898152e+002
4.872017e+004, 3.881080e+002
4.874946e+004, 3.866043e+002
4.877876e+004, 3.858126e+002
4.880805e+004, 3.854279e+002
4.883735e+004, 3.844582e+002
4.886665e+004, 3.830308e+002
4.889594e+004, 3.810184e+002
4.892524e+004, 3.794129e+002
4.895454e+004, 3.778075e+002
4.898383e+004, 3.762529e+002
4.901313e+004, 3.750289e+002
4.904243e+004, 3.738049e+002
4.907172e+004, 3.722503e+002
4.910102e+004, 3.708229e+002
4.913032e+004, 3.692175e+002
4.915961e+004, 3.677900e+002
4.918891e+004, 3.658285e+002
4.921821e+004, 3.646300e+002
4.924750e+004, 3.640926e+002
4.927680e+004, 3.634536e+002
4.930610e+004, 3.630180e+002
4.933539e+004, 3.622263e+002
4.936469e+004, 3.614347e+002
4.939399e+004, 3.606430e+002
4.942328e+004, 3.596733e+002
4.945258e+004, 3.590851e+002
4.948188e+004, 3.591581e+002
4.951117e+004, 3.591803e+002
4.954047e+004, 3.592024e+002
4.956977e+004, 3.589703e+002
4.959906e+004, 3.591705e+002
4.962836e+004, 3.594978e+002
4.965765e+004, 3.596217e+002
4.968695e+004, 3.600507e+002
4.971625e+004, 3.603780e+002
4.974554e+004, 3.607308e+002
4.977484e+004, 3.613887e+002
4.980414e+004, 3.623773e+002
4.983343e+004, 3.629081e+002
4.986273e+004, 3.634388e+002
4.989203e+004, 3.643002e+002
4.992132e+004, 3.654159e+002
4.995062e+004, 3.664045e+002
4.997992e+004, 3.676219e+002
5.000921e+004, 3.690428e+002
5.003851e+004, 3.705399e+002
5.006781e+004, 3.721388e+002
5.009710e+004, 3.741955e+002
5.012640e+004, 3.762521e+002
5.015570e+004, 3.779019e+002
5.018499e+004, 3.794499e+002
5.021429e+004, 3.806165e+002
5.024359e+004, 3.828512e+002
5.027288e+004, 3.853910e+002
5.030218e+004, 3.884904e+002
5.033148e+004, 3.919203e+002
5.036077e+004, 3.961895e+002
5.039007e+004, 3.999500e+002
5.041937e+004, 4.021084e+002
5.044866e+004, 4.040634e+002
5.047796e+004, 4.078494e+002
5.050725e+004, 4.139750e+002
5.053655e+004, 4.209399e+002
5.056585e+004, 4.278540e+002
5.059514e+004, 4.338016e+002
5.062444e+004, 4.387066e+002
5.065374e+004, 4.430012e+002
5.068303e+004, 4.489997e+002
5.071233e+004, 4.580754e+002
5.074163e+004, 4.695417e+002
5.077092e+004, 4.793295e+002
5.080022e+004, 4.862181e+002
5.082952e+004, 4.907161e+002
5.085881e+004, 4.944004e+002
5.088811e+004, 4.977032e+002
5.091741e+004, 5.009806e+002
5.094670e+004, 5.037239e+002
5.097600e+004, 5.046615e+002
5.100530e+004, 5.039207e+002
5.103459e+004, 5.030782e+002
5.106389e+004, 5.015236e+002
5.109319e+004, 4.986721e+002
5.112248e+004, 4.949049e+002
5.115178e+004, 4.897391e+002
5.118108e+004, 4.837086e+002
5.121037e+004, 4.775764e+002
5.123967e+004, 4.713933e+002
5.126897e+004, 4.650576e+002
5.129826e+004, 4.592305e+002
5.132756e+004, 4.536578e+002
5.135685e+004, 4.478816e+002
5.138615e+004, 4.405795e+002
5.141545e+004, 4.332774e+002
5.144474e+004, 4.263060e+002
5.147404e+004, 4.216996e+002
5.150334e+004, 4.187972e+002
5.153263e+004, 4.155641e+002
5.156193e+004, 4.111104e+002
5.159123e+004, 4.067075e+002
5.162052e+004, 4.038304e+002
5.164982e+004, 4.022250e+002
5.167912e+004, 4.009247e+002
5.170841e+004, 3.990395e+002
5.173771e+004, 3.977138e+002
5.176701e+004, 3.962101e+002
5.179630e+004, 3.942231e+002
5.182560e+004, 3.928974e+002
5.185490e+004, 3.905799e+002
5.188419e+004, 3.878046e+002
5.191349e+004, 3.850039e+002
5.194279e+004, 3.833221e+002
5.197208e+004, 3.825305e+002
5.200138e+004, 3.809250e+002
5.203068e+004, 3.785566e+002
5.205997e+004, 3.769512e+002
5.208927e+004, 3.757526e+002
5.211857e+004, 3.749101e+002
5.214786e+004, 3.741439e+002
5.217716e+004, 3.733268e+002
5.220645e+004, 3.717976e+002
5.223575e+004, 3.699379e+002
5.226505e+004, 3.681544e+002
5.229434e+004, 3.672102e+002
5.232364e+004, 3.657573e+002
5.235294e+004, 3.649656e+002
5.238223e+004, 3.649369e+002
5.241153e+004, 3.648574e+002
5.244083e+004, 3.642183e+002
5.247012e+004, 3.629689e+002
5.249942e+004, 3.614397e+002
5.252872e+004, 3.602412e+002
5.255801e+004, 3.592715e+002
5.258731e+004, 3.581747e+002
5.261661e+004, 3.574339e+002
5.264590e+004, 3.569983e+002
5.267520e+004, 3.569187e+002
5.270450e+004, 3.570934e+002
5.273379e+004, 3.571410e+002
5.276309e+004, 3.565019e+002
5.279239e+004, 3.561935e+002
5.282168e+004, 3.563174e+002
5.285098e+004, 3.563904e+002
5.288028e+004, 3.571755e+002
5.290957e+004, 3.582149e+002
5.293887e+004, 3.592543e+002
5.296817e+004, 3.605480e+002
5.299746e+004, 3.612314e+002
5.302676e+004, 3.609483e+002
5.305605e+004, 3.613774e+002
5.308535e+004, 3.629763e+002
5.311465e+004, 3.650838e+002
5.314394e+004, 3.671405e+002
5.317324e+004, 3.687902e+002
5.320254e+004, 3.700331e+002
5.323183e+004, 3.711742e+002
5.326113e+004, 3.723408e+002
5.329043e+004, 3.737616e+002
5.331972e+004, 3.748265e+002
5.334902e+004, 3.762982e+002
5.337832e+004, 3.783549e+002
5.340761e+004, 3.804115e+002
5.343691e+004, 3.820104e+002
5.346621e+004, 3.838891e+002
5.349550e+004, 3.865306e+002
5.352480e+004, 3.894011e+002
5.355410e+004, 3.925767e+002
5.358339e+004, 3.960067e+002
5.361269e+004, 4.004793e+002
5.364199e+004, 4.057658e+002
5.367128e+004, 4.111031e+002
5.370058e+004, 4.155248e+002
5.372988e+004, 4.196669e+002
5.375917e+004, 4.249787e+002
5.378847e+004, 4.323505e+002
5.381777e+004, 4.424181e+002
5.384706e+004, 4.547490e+002
5.387636e+004, 4.662152e+002
5.390565e+004, 4.731038e+002
5.393495e+004, 4.747790e+002
5.396425e+004, 4.759965e+002
5.399354e+004, 4.796807e+002
5.402284e+004, 4.874340e+002
5.405214e+004, 4.960011e+002
5.408143e+004, 5.024319e+002
5.411073e+004, 5.048192e+002
5.414003e+004, 5.050194e+002
5.416932e+004, 5.042277e+002
5.419862e+004, 5.038938e+002
5.422792e+004, 5.031022e+002
5.425721e+004, 5.010389e+002
5.428651e+004, 4.968141e+002
5.431581e+004, 4.913176e+002
5.434510e+004, 4.856431e+002
5.437440e+004, 4.803756e+002
5.440370e+004, 4.763796e+002
5.443299e+004, 4.715189e+002
5.446229e+004, 4.637845e+002
5.449159e+004, 4.535070e+002
5.452088e+004, 4.445773e+002
5.455018e+004, 4.385977e+002
5.457948e+004, 4.350086e+002
5.460877e+004, 4.308091e+002
5.463807e+004, 4.251346e+002
5.466737e+004, 4.189770e+002
5.469666e+004, 4.138874e+002
5.472596e+004, 4.089250e+002
5.475525e+004, 4.048782e+002
5.478455e+004, 4.017468e+002
5.481385e+004, 4.001414e+002
5.484314e+004, 3.977221e+002
5.487244e+004, 3.953537e+002
5.490174e+004, 3.929345e+002
5.493103e+004, 3.912782e+002
5.496033e+004, 3.897236e+002
5.498963e+004, 3.884742e+002
5.501892e+004, 3.874791e+002
5.504822e+004, 3.864840e+002
5.507752e+004, 3.855906e+002
5.510681e+004, 3.835019e+002
5.513611e+004, 3.816676e+002
5.516541e+004, 3.796552e+002
5.519470e+004, 3.784567e+002
5.522400e+004, 3.777159e+002
5.525330e+004, 3.764665e+002
5.528259e+004, 3.740472e+002
5.531189e+004, 3.714245e+002
5.534119e+004, 3.696156e+002
5.537048e+004, 3.684171e+002
5.539978e+004, 3.679306e+002
5.542908e+004, 3.671389e+002
5.545837e+004, 3.660421e+002
5.548767e+004, 3.647418e+002
5.551697e+004, 3.628821e+002
5.554626e+004, 3.610477e+002
5.557556e+004, 3.599255e+002
5.560485e+004, 3.600493e+002
5.563415e+004, 3.605038e+002
5.566345e+004, 3.605005e+002
5.569274e+004, 3.597343e+002
5.572204e+004, 3.585358e+002
5.575134e+004, 3.569049e+002
5.578063e+004, 3.556046e+002
5.580993e+004, 3.558048e+002
5.583923e+004, 3.568696e+002
5.586852e+004, 3.570698e+002
5.589782e+004, 3.569139e+002
5.592712e+004, 3.562748e+002
5.595641e+004, 3.561444e+002
5.598571e+004, 3.561666e+002
5.601501e+004, 3.561887e+002
5.604430e+004, 3.563635e+002
5.607360e+004, 3.567925e+002
5.610290e+004, 3.575776e+002
5.613219e+004, 3.582355e+002
5.616149e+004, 3.587409e+002
5.619079e+004, 3.590936e+002
5.622008e+004, 3.595990e+002
5.624938e+004, 3.597229e+002
5.627868e+004, 3.605588e+002
5.630797e+004, 3.622849e+002
5.633727e+004, 3.643415e+002
5.636657e+004, 3.659913e+002
5.639586e+004, 3.665729e+002
5.642516e+004, 3.671800e+002
5.645445e+004, 3.680668e+002
5.648375e+004, 3.696657e+002
5.651305e+004, 3.717478e+002
5.654234e+004, 3.744911e+002
5.657164e+004, 3.777685e+002
5.660094e+004, 3.811984e+002
5.663023e+004, 3.840180e+002
5.665953e+004, 3.860747e+002
5.668883e+004, 3.876227e+002
5.671812e+004, 3.893742e+002
5.674742e+004, 3.920666e+002
5.677672e+004, 3.966410e+002
5.680601e+004, 4.035042e+002
5.683531e+004, 4.098587e+002
5.686461e+004, 4.135175e+002
5.689390e+004, 4.163626e+002
5.692320e+004, 4.206826e+002
5.695250e+004, 4.269863e+002
5.698179e+004, 4.347396e+002
5.701109e+004, 4.421368e+002
5.704039e+004, 4.506530e+002
5.706968e+004, 4.596270e+002
5.709898e+004, 4.676855e+002
5.712828e+004, 4.751844e+002
5.715757e+004, 4.824291e+002
5.718687e+004, 4.874358e+002
5.721617e+004, 4.906623e+002
5.724546e+004, 4.935582e+002
5.727476e+004, 4.984377e+002
5.730405e+004, 5.029866e+002
5.733335e+004, 5.053993e+002
5.736265e+004, 5.054215e+002
5.739194e+004, 5.050367e+002
5.742124e+004, 5.029226e+002
5.745054e+004, 5.001982e+002
5.747983e+004, 4.969652e+002
5.750913e+004, 4.927403e+002
5.753843e+004, 4.868878e+002
5.756772e+004, 4.811625e+002
5.759702e+004, 4.747250e+002
5.762632e+004, 4.665583e+002
5.765561e+004, 4.580355e+002
5.768491e+004, 4.524374e+002
5.771421e+004, 4.491280e+002
5.774350e+004, 4.446234e+002
5.777280e+004, 4.372704e+002
5.780210e+004, 4.296632e+002
5.783139e+004, 4.235818e+002
5.786069e+004, 4.187720e+002
5.788999e+004, 4.142928e+002
5.791928e+004, 4.098136e+002
5.794858e+004, 4.069875e+002
5.797788e+004, 4.050260e+002
5.800717e+004, 4.019709e+002
5.803647e+004, 3.985599e+002
5.806577e+004, 3.961660e+002
5.809506e+004, 3.945352e+002
5.812436e+004, 3.928788e+002
5.815365e+004, 3.905104e+002
5.818295e+004, 3.887524e+002
5.821225e+004, 3.876810e+002
5.824154e+004, 3.865079e+002
5.827084e+004, 3.855636e+002
5.830014e+004, 3.847720e+002
5.832943e+004, 3.832683e+002
5.835873e+004, 3.810779e+002
5.838803e+004, 3.784297e+002
5.841732e+004, 3.767226e+002
5.844662e+004, 3.756257e+002
5.847592e+004, 3.740203e+002
5.850521e+004, 3.719062e+002
5.853451e+004, 3.703008e+002
5.856381e+004, 3.692294e+002
5.859310e+004, 3.680562e+002
5.862240e+004, 3.666288e+002
5.865170e+004, 3.656083e+002
5.868099e+004, 3.650201e+002
5.871029e+004, 3.639232e+002
5.873959e+004, 3.629027e+002
5.876888e+004, 3.616787e+002
5.879818e+004, 3.602513e+002
5.882748e+004, 3.592816e+002
5.885677e+004, 3.588460e+002
5.888607e+004, 3.585121e+002
5.891537e+004, 3.576696e+002
5.894466e+004, 3.567762e+002
5.897396e+004, 3.560863e+002
5.900325e+004, 3.552946e+002
5.903255e+004, 3.547319e+002
5.906185e+004, 3.545251e+002
5.909114e+004, 3.544456e+002
5.912044e+004, 3.541117e+002
5.914974e+004, 3.542356e+002
5.917903e+004, 3.540288e+002
5.920833e+004, 3.538730e+002
5.923763e+004, 3.545563e+002
5.926692e+004, 3.551125e+002
5.929622e+004, 3.555670e+002
5.932552e+004, 3.563521e+002
5.935481e+004, 3.572389e+002
5.938411e+004, 3.579223e+002
5.941341e+004, 3.584531e+002
5.944270e+004, 3.595942e+002
5.947200e+004, 3.610151e+002
5.950130e+004, 3.628937e+002
5.953059e+004, 3.635008e+002
5.955989e+004, 3.637518e+002
5.958919e+004, 3.639266e+002
5.961848e+004, 3.649151e+002
5.964778e+004, 3.657511e+002
5.967708e+004, 3.662818e+002
5.970637e+004, 3.660242e+002
5.973567e+004, 3.660464e+002
5.976497e+004, 3.664500e+002
5.979426e+004, 3.668791e+002
5.982356e+004, 3.669012e+002
5.985285e+004, 3.669488e+002
5.988215e+004, 3.673524e+002
5.991145e+004, 3.676035e+002
5.994074e+004, 3.648536e+002
5.997004e+004, 3.645706e+002
