File name = B1_1.csv
Profile viewing = Raw
Y axis uint = nm
Total data = 2048
Xaxis Data , Yaxis Data 
0.000000e+000, 2.877101e+002
3.907532e+001, 2.844281e+002
7.815064e+001, 2.864105e+002
1.172260e+002, 2.884945e+002
1.563013e+002, 2.908583e+002
1.953766e+002, 2.956635e+002
2.344519e+002, 3.065723e+002
2.735272e+002, 3.230759e+002
3.126026e+002, 3.402153e+002
3.516779e+002, 3.535400e+002
3.907532e+002, 3.630755e+002
4.298285e+002, 3.719497e+002
4.689038e+002, 3.843843e+002
5.079791e+002, 4.009133e+002
5.470545e+002, 4.192226e+002
5.861298e+002, 4.342003e+002
6.252051e+002, 4.433289e+002
6.642804e+002, 4.487953e+002
7.033557e+002, 4.532445e+002
7.424311e+002, 4.592704e+002
7.815064e+002, 4.672800e+002
8.205817e+002, 4.738908e+002
8.596570e+002, 4.785180e+002
8.987323e+002, 4.809327e+002
9.378077e+002, 4.824318e+002
9.768830e+002, 4.833206e+002
1.015958e+003, 4.844637e+002
1.055034e+003, 4.853525e+002
1.094109e+003, 4.859361e+002
1.133184e+003, 4.856296e+002
1.172260e+003, 4.852722e+002
1.211335e+003, 4.849658e+002
1.250410e+003, 4.852188e+002
1.289486e+003, 4.855481e+002
1.328561e+003, 4.849618e+002
1.367636e+003, 4.838670e+002
1.406711e+003, 4.831282e+002
1.445787e+003, 4.832031e+002
1.484862e+003, 4.829729e+002
1.523937e+003, 4.818272e+002
1.563013e+003, 4.812410e+002
1.602088e+003, 4.805785e+002
1.641163e+003, 4.797125e+002
1.680239e+003, 4.780327e+002
1.719314e+003, 4.761495e+002
1.758389e+003, 4.745969e+002
1.797465e+003, 4.732223e+002
1.836540e+003, 4.709321e+002
1.875615e+003, 4.683623e+002
1.914691e+003, 4.655889e+002
1.953766e+003, 4.628156e+002
1.992841e+003, 4.588724e+002
2.031917e+003, 4.535560e+002
2.070992e+003, 4.477818e+002
2.110067e+003, 4.418550e+002
2.149143e+003, 4.361316e+002
2.188218e+003, 4.304591e+002
2.227293e+003, 4.253970e+002
2.266369e+003, 4.200805e+002
2.305444e+003, 4.138994e+002
2.344519e+003, 4.068536e+002
2.383594e+003, 4.010794e+002
2.422670e+003, 3.960681e+002
2.461745e+003, 3.907516e+002
2.500820e+003, 3.850028e+002
2.539896e+003, 3.797372e+002
2.578971e+003, 3.750057e+002
2.618046e+003, 3.695112e+002
2.657122e+003, 3.632029e+002
2.696197e+003, 3.564115e+002
2.735272e+003, 3.496454e+002
2.774348e+003, 3.426251e+002
2.813423e+003, 3.341551e+002
2.852498e+003, 3.256852e+002
2.891574e+003, 3.184105e+002
2.930649e+003, 3.127634e+002
2.969724e+003, 3.070655e+002
3.008800e+003, 3.004012e+002
3.047875e+003, 2.935080e+002
3.086950e+003, 2.886239e+002
3.126026e+003, 2.866135e+002
3.165101e+003, 2.870445e+002
3.204176e+003, 2.897135e+002
3.243251e+003, 2.947476e+002
3.282327e+003, 3.033166e+002
3.321402e+003, 3.157512e+002
3.360477e+003, 3.300932e+002
3.399553e+003, 3.446386e+002
3.438628e+003, 3.578362e+002
3.477703e+003, 3.699656e+002
3.516779e+003, 3.830869e+002
3.555854e+003, 3.977849e+002
3.594929e+003, 4.125592e+002
3.634005e+003, 4.256295e+002
3.673080e+003, 4.374284e+002
3.712155e+003, 4.471164e+002
3.751231e+003, 4.547699e+002
3.790306e+003, 4.614571e+002
3.829381e+003, 4.685511e+002
3.868457e+003, 4.750348e+002
3.907532e+003, 4.799417e+002
3.946607e+003, 4.823055e+002
3.985683e+003, 4.843387e+002
4.024758e+003, 4.865245e+002
4.063833e+003, 4.884305e+002
4.102908e+003, 4.894465e+002
4.141984e+003, 4.898012e+002
4.181059e+003, 4.898253e+002
4.220134e+003, 4.893154e+002
4.259210e+003, 4.883477e+002
4.298285e+003, 4.876089e+002
4.337360e+003, 4.870735e+002
4.376436e+003, 4.862330e+002
4.415511e+003, 4.855959e+002
4.454586e+003, 4.853657e+002
4.493662e+003, 4.856950e+002
4.532737e+003, 4.855665e+002
4.571812e+003, 4.850311e+002
4.610888e+003, 4.841397e+002
4.649963e+003, 4.826888e+002
4.689038e+003, 4.815431e+002
4.728114e+003, 4.807534e+002
4.767189e+003, 4.798620e+002
4.806264e+003, 4.785129e+002
4.845340e+003, 4.758158e+002
4.884415e+003, 4.726610e+002
4.923490e+003, 4.696843e+002
4.962566e+003, 4.671652e+002
5.001641e+003, 4.643411e+002
5.040716e+003, 4.613134e+002
5.079791e+003, 4.574465e+002
5.118867e+003, 4.527150e+002
5.157942e+003, 4.466610e+002
5.197017e+003, 4.400730e+002
5.236093e+003, 4.340191e+002
5.275168e+003, 4.287535e+002
5.314243e+003, 4.235896e+002
5.353319e+003, 4.175102e+002
5.392394e+003, 4.101084e+002
5.431469e+003, 4.035203e+002
5.470545e+003, 3.978987e+002
5.509620e+003, 3.933452e+002
5.548695e+003, 3.883848e+002
5.587771e+003, 3.830429e+002
5.626846e+003, 3.780570e+002
5.665921e+003, 3.729440e+002
5.704997e+003, 3.666612e+002
5.744072e+003, 3.601240e+002
5.783147e+003, 3.533325e+002
5.822223e+003, 3.467445e+002
5.861298e+003, 3.403345e+002
5.900373e+003, 3.336447e+002
5.939448e+003, 3.273365e+002
5.978524e+003, 3.210536e+002
6.017599e+003, 3.131940e+002
6.056674e+003, 3.031728e+002
6.095750e+003, 2.941942e+002
6.134825e+003, 2.898950e+002
6.173900e+003, 2.892325e+002
6.212976e+003, 2.894855e+002
6.252051e+003, 2.894842e+002
6.291126e+003, 2.922549e+002
6.330202e+003, 3.005187e+002
6.369277e+003, 3.135383e+002
6.408352e+003, 3.271682e+002
6.447428e+003, 3.389924e+002
6.486503e+003, 3.508675e+002
6.525578e+003, 3.652858e+002
6.564654e+003, 3.822472e+002
6.603729e+003, 3.985728e+002
6.642804e+003, 4.122535e+002
6.681880e+003, 4.233403e+002
6.720955e+003, 4.332063e+002
6.760030e+003, 4.429452e+002
6.799106e+003, 4.533962e+002
6.838181e+003, 4.628299e+002
6.877256e+003, 4.701274e+002
6.916331e+003, 4.742714e+002
6.955407e+003, 4.771438e+002
6.994482e+003, 4.798637e+002
7.033557e+003, 4.829395e+002
7.072633e+003, 4.849473e+002
7.111708e+003, 4.864465e+002
7.150783e+003, 4.878947e+002
7.189859e+003, 4.890378e+002
7.228934e+003, 4.896214e+002
7.268009e+003, 4.896964e+002
7.307085e+003, 4.893645e+002
7.346160e+003, 4.887528e+002
7.385235e+003, 4.883955e+002
7.424311e+003, 4.881399e+002
7.463386e+003, 4.879860e+002
7.502461e+003, 4.879084e+002
7.541537e+003, 4.873984e+002
7.580612e+003, 4.869648e+002
7.619687e+003, 4.864040e+002
7.658763e+003, 4.855126e+002
7.697838e+003, 4.845195e+002
7.736913e+003, 4.835772e+002
7.775988e+003, 4.825841e+002
7.815064e+003, 4.811332e+002
7.854139e+003, 4.792754e+002
7.893214e+003, 4.773158e+002
7.932290e+003, 4.752037e+002
7.971365e+003, 4.733968e+002
8.010440e+003, 4.714627e+002
8.049516e+003, 4.686385e+002
8.088591e+003, 4.649751e+002
8.127666e+003, 4.597604e+002
8.166742e+003, 4.543930e+002
8.205817e+003, 4.487968e+002
8.244892e+003, 4.428446e+002
8.283968e+003, 4.376044e+002
8.323043e+003, 4.330763e+002
8.362118e+003, 4.280651e+002
8.401194e+003, 4.215788e+002
8.440269e+003, 4.139735e+002
8.479344e+003, 4.073855e+002
8.518420e+003, 4.026539e+002
8.557495e+003, 3.984310e+002
8.596570e+003, 3.943607e+002
8.635646e+003, 3.901123e+002
8.674721e+003, 3.846179e+002
8.713796e+003, 3.783350e+002
8.752871e+003, 3.721539e+002
8.791947e+003, 3.668883e+002
8.831022e+003, 3.613175e+002
8.870097e+003, 3.553653e+002
8.909173e+003, 3.489807e+002
8.948248e+003, 3.420875e+002
8.987323e+003, 3.347620e+002
9.026399e+003, 3.263938e+002
9.065474e+003, 3.169066e+002
9.104549e+003, 3.091996e+002
9.143625e+003, 3.046206e+002
9.182700e+003, 3.019744e+002
9.221775e+003, 2.988959e+002
9.260851e+003, 2.947493e+002
9.299926e+003, 2.924083e+002
9.339001e+003, 2.950264e+002
9.378077e+003, 3.019170e+002
9.417152e+003, 3.090365e+002
9.456227e+003, 3.151133e+002
9.495303e+003, 3.233263e+002
9.534378e+003, 3.376428e+002
9.573453e+003, 3.566133e+002
9.612528e+003, 3.757109e+002
9.651604e+003, 3.922400e+002
9.690679e+003, 4.056918e+002
9.729754e+003, 4.158885e+002
9.768830e+003, 4.253222e+002
9.807905e+003, 4.357732e+002
9.846980e+003, 4.474703e+002
9.886056e+003, 4.582010e+002
9.925131e+003, 4.662614e+002
9.964206e+003, 4.715244e+002
1.000328e+004, 4.751597e+002
1.004236e+004, 4.789986e+002
1.008143e+004, 4.823288e+002
1.012051e+004, 4.857352e+002
1.015958e+004, 4.885822e+002
1.019866e+004, 4.900814e+002
1.023773e+004, 4.910719e+002
1.027681e+004, 4.912486e+002
1.031588e+004, 4.910693e+002
1.035496e+004, 4.908900e+002
1.039403e+004, 4.906598e+002
1.043311e+004, 4.905822e+002
1.047219e+004, 4.900468e+002
1.051126e+004, 4.893588e+002
1.055034e+004, 4.884674e+002
1.058941e+004, 4.880592e+002
1.062849e+004, 4.879053e+002
1.066756e+004, 4.876751e+002
1.070664e+004, 4.873432e+002
1.074571e+004, 4.870622e+002
1.078479e+004, 4.866285e+002
1.082386e+004, 4.857371e+002
1.086294e+004, 4.848457e+002
1.090201e+004, 4.839543e+002
1.094109e+004, 4.826051e+002
1.098016e+004, 4.809508e+002
1.101924e+004, 4.792456e+002
1.105832e+004, 4.771335e+002
1.109739e+004, 4.736989e+002
1.113647e+004, 4.696540e+002
1.117554e+004, 4.650496e+002
1.121462e+004, 4.609030e+002
1.125369e+004, 4.571124e+002
1.129277e+004, 4.530676e+002
1.133184e+004, 4.481071e+002
1.137092e+004, 4.413665e+002
1.140999e+004, 4.336595e+002
1.144907e+004, 4.271224e+002
1.148814e+004, 4.221111e+002
1.152722e+004, 4.171507e+002
1.156629e+004, 4.115290e+002
1.160537e+004, 4.052462e+002
1.164445e+004, 3.993194e+002
1.168352e+004, 3.936977e+002
1.172260e+004, 3.885847e+002
1.176167e+004, 3.837769e+002
1.180075e+004, 3.785622e+002
1.183982e+004, 3.734491e+002
1.187890e+004, 3.683107e+002
1.191797e+004, 3.628671e+002
1.195705e+004, 3.559230e+002
1.199612e+004, 3.479108e+002
1.203520e+004, 3.400004e+002
1.207427e+004, 3.334124e+002
1.211335e+004, 3.274856e+002
1.215242e+004, 3.212281e+002
1.219150e+004, 3.136737e+002
1.223057e+004, 3.051529e+002
1.226965e+004, 2.977511e+002
1.230873e+004, 2.930958e+002
1.234780e+004, 2.915941e+002
1.238688e+004, 2.922031e+002
1.242595e+004, 2.939057e+002
1.246503e+004, 2.978208e+002
1.250410e+004, 3.067714e+002
1.254318e+004, 3.211896e+002
1.258225e+004, 3.367523e+002
1.262133e+004, 3.491106e+002
1.266040e+004, 3.600193e+002
1.269948e+004, 3.709281e+002
1.273855e+004, 3.849903e+002
1.277763e+004, 4.016974e+002
1.281670e+004, 4.186587e+002
1.285578e+004, 4.324158e+002
1.289486e+004, 4.421547e+002
1.293393e+004, 4.491724e+002
1.297301e+004, 4.555798e+002
1.301208e+004, 4.618600e+002
1.305116e+004, 4.692592e+002
1.309023e+004, 4.767093e+002
1.312931e+004, 4.819723e+002
1.316838e+004, 4.853025e+002
1.320746e+004, 4.870559e+002
1.324653e+004, 4.882499e+002
1.328561e+004, 4.896473e+002
1.332468e+004, 4.905361e+002
1.336376e+004, 4.914249e+002
1.340283e+004, 4.919068e+002
1.344191e+004, 4.921343e+002
1.348099e+004, 4.922093e+002
1.352006e+004, 4.920046e+002
1.355914e+004, 4.918507e+002
1.359821e+004, 4.915187e+002
1.363729e+004, 4.909325e+002
1.367636e+004, 4.904989e+002
1.371544e+004, 4.898872e+002
1.375451e+004, 4.895299e+002
1.379359e+004, 4.887910e+002
1.383266e+004, 4.881031e+002
1.387174e+004, 4.877203e+002
1.391081e+004, 4.869561e+002
1.394989e+004, 4.860392e+002
1.398896e+004, 4.848426e+002
1.402804e+004, 4.831883e+002
1.406711e+004, 4.811270e+002
1.410619e+004, 4.793455e+002
1.414527e+004, 4.772589e+002
1.418434e+004, 4.746636e+002
1.422342e+004, 4.710764e+002
1.426249e+004, 4.667009e+002
1.430157e+004, 4.617405e+002
1.434064e+004, 4.563732e+002
1.437972e+004, 4.504972e+002
1.441879e+004, 4.450791e+002
1.445787e+004, 4.404747e+002
1.449694e+004, 4.361246e+002
1.453602e+004, 4.305538e+002
1.457509e+004, 4.244236e+002
1.461417e+004, 4.179881e+002
1.465324e+004, 4.122139e+002
1.469232e+004, 4.069229e+002
1.473140e+004, 4.017082e+002
1.477047e+004, 3.972309e+002
1.480955e+004, 3.927791e+002
1.484862e+004, 3.875644e+002
1.488770e+004, 3.813833e+002
1.492677e+004, 3.758634e+002
1.496585e+004, 3.706486e+002
1.500492e+004, 3.647218e+002
1.504400e+004, 3.580321e+002
1.508307e+004, 3.503251e+002
1.512215e+004, 3.427707e+002
1.516122e+004, 3.352671e+002
1.520030e+004, 3.281196e+002
1.523937e+004, 3.213790e+002
1.527845e+004, 3.137483e+002
1.531753e+004, 3.060921e+002
1.535660e+004, 2.995041e+002
1.539568e+004, 2.954846e+002
1.543475e+004, 2.934743e+002
1.547383e+004, 2.930152e+002
1.551290e+004, 2.947941e+002
1.555198e+004, 3.001842e+002
1.559105e+004, 3.092873e+002
1.563013e+004, 3.206029e+002
1.566920e+004, 3.320966e+002
1.570828e+004, 3.441243e+002
1.574735e+004, 3.578813e+002
1.578643e+004, 3.730880e+002
1.582550e+004, 3.879386e+002
1.586458e+004, 4.031452e+002
1.590365e+004, 4.177160e+002
1.594273e+004, 4.303032e+002
1.598181e+004, 4.400930e+002
1.602088e+004, 4.481534e+002
1.605996e+004, 4.564682e+002
1.609903e+004, 4.658510e+002
1.613811e+004, 4.743692e+002
1.617718e+004, 4.809546e+002
1.621626e+004, 4.849460e+002
1.625533e+004, 4.871572e+002
1.629441e+004, 4.885546e+002
1.633348e+004, 4.901555e+002
1.637256e+004, 4.918072e+002
1.641163e+004, 4.927723e+002
1.645071e+004, 4.934322e+002
1.648978e+004, 4.936089e+002
1.652886e+004, 4.937856e+002
1.656794e+004, 4.929451e+002
1.660701e+004, 4.923080e+002
1.664609e+004, 4.920778e+002
1.668516e+004, 4.918985e+002
1.672424e+004, 4.915157e+002
1.676331e+004, 4.910312e+002
1.680239e+004, 4.906230e+002
1.684146e+004, 4.900622e+002
1.688054e+004, 4.894759e+002
1.691961e+004, 4.889914e+002
1.695869e+004, 4.882018e+002
1.699776e+004, 4.877173e+002
1.703684e+004, 4.867241e+002
1.707591e+004, 4.855275e+002
1.711499e+004, 4.846361e+002
1.715407e+004, 4.837447e+002
1.719314e+004, 4.817089e+002
1.723222e+004, 4.790627e+002
1.727129e+004, 4.768998e+002
1.731037e+004, 4.743299e+002
1.734944e+004, 4.706919e+002
1.738852e+004, 4.656806e+002
1.742759e+004, 4.606185e+002
1.746667e+004, 4.564210e+002
1.750574e+004, 4.516132e+002
1.754482e+004, 4.454320e+002
1.758389e+004, 4.392001e+002
1.762297e+004, 4.325103e+002
1.766204e+004, 4.257697e+002
1.770112e+004, 4.193343e+002
1.774019e+004, 4.138906e+002
1.777927e+004, 4.091082e+002
1.781835e+004, 4.041987e+002
1.785742e+004, 3.990348e+002
1.789650e+004, 3.936929e+002
1.793557e+004, 3.885036e+002
1.797465e+004, 3.840518e+002
1.801372e+004, 3.791677e+002
1.805280e+004, 3.732663e+002
1.809187e+004, 3.665003e+002
1.813095e+004, 3.595816e+002
1.817002e+004, 3.529936e+002
1.820910e+004, 3.465582e+002
1.824817e+004, 3.395633e+002
1.828725e+004, 3.312968e+002
1.832632e+004, 3.223182e+002
1.836540e+004, 3.143569e+002
1.840448e+004, 3.074128e+002
1.844355e+004, 3.015623e+002
1.848263e+004, 2.971105e+002
1.852170e+004, 2.945152e+002
1.856078e+004, 2.936238e+002
1.859985e+004, 2.943600e+002
1.863893e+004, 2.975885e+002
1.867800e+004, 3.052420e+002
1.871708e+004, 3.169645e+002
1.875615e+004, 3.302129e+002
1.879523e+004, 3.436139e+002
1.883430e+004, 3.576762e+002
1.887338e+004, 3.721198e+002
1.891245e+004, 3.862584e+002
1.895153e+004, 3.996339e+002
1.899061e+004, 4.140267e+002
1.902968e+004, 4.287502e+002
1.906876e+004, 4.425072e+002
1.910783e+004, 4.530091e+002
1.914691e+004, 4.594419e+002
1.918598e+004, 4.649083e+002
1.922506e+004, 4.708834e+002
1.926413e+004, 4.772653e+002
1.930321e+004, 4.828843e+002
1.934228e+004, 4.869266e+002
1.938136e+004, 4.889852e+002
1.942043e+004, 4.902809e+002
1.945951e+004, 4.911188e+002
1.949858e+004, 4.921093e+002
1.953766e+004, 4.928455e+002
1.957673e+004, 4.934800e+002
1.961581e+004, 4.939110e+002
1.965489e+004, 4.942403e+002
1.969396e+004, 4.943408e+002
1.973304e+004, 4.942377e+002
1.977211e+004, 4.943636e+002
1.981119e+004, 4.946420e+002
1.985026e+004, 4.942592e+002
1.988934e+004, 4.929609e+002
1.992841e+004, 4.919169e+002
1.996749e+004, 4.910764e+002
2.000656e+004, 4.906936e+002
2.004564e+004, 4.906923e+002
2.008471e+004, 4.907927e+002
2.012379e+004, 4.904099e+002
2.016286e+004, 4.890608e+002
2.020194e+004, 4.873555e+002
2.024102e+004, 4.857521e+002
2.028009e+004, 4.840468e+002
2.031917e+004, 4.814261e+002
2.035824e+004, 4.783222e+002
2.039732e+004, 4.753200e+002
2.043639e+004, 4.722415e+002
2.047547e+004, 4.677388e+002
2.051454e+004, 4.623206e+002
2.055362e+004, 4.566481e+002
2.059269e+004, 4.515351e+002
2.063177e+004, 4.470833e+002
2.067084e+004, 4.425807e+002
2.070992e+004, 4.376203e+002
2.074899e+004, 4.313883e+002
2.078807e+004, 4.239864e+002
2.082715e+004, 4.166355e+002
2.086622e+004, 4.106069e+002
2.090530e+004, 4.054939e+002
2.094437e+004, 4.006607e+002
2.098345e+004, 3.962343e+002
2.102252e+004, 3.917825e+002
2.106160e+004, 3.876868e+002
2.110067e+004, 3.829807e+002
2.113975e+004, 3.773590e+002
2.117882e+004, 3.707710e+002
2.121790e+004, 3.637761e+002
2.125697e+004, 3.571880e+002
2.129605e+004, 3.513630e+002
2.133512e+004, 3.450801e+002
2.137420e+004, 3.373731e+002
2.141327e+004, 3.295135e+002
2.145235e+004, 3.218319e+002
2.149143e+004, 3.138452e+002
2.153050e+004, 3.051209e+002
2.156958e+004, 2.980751e+002
2.160865e+004, 2.942591e+002
2.164773e+004, 2.934949e+002
2.168680e+004, 2.941039e+002
2.172588e+004, 2.954759e+002
2.176495e+004, 3.002811e+002
2.180403e+004, 3.105541e+002
2.184310e+004, 3.250486e+002
2.188218e+004, 3.387548e+002
2.192125e+004, 3.496635e+002
2.196033e+004, 3.602925e+002
2.199940e+004, 3.739224e+002
2.203848e+004, 3.900700e+002
2.207756e+004, 4.066499e+002
2.211663e+004, 4.218057e+002
2.215571e+004, 4.354101e+002
2.219478e+004, 4.459628e+002
2.223386e+004, 4.541250e+002
2.227293e+004, 4.616005e+002
2.231201e+004, 4.692794e+002
2.235108e+004, 4.758648e+002
2.239016e+004, 4.808481e+002
2.242923e+004, 4.854753e+002
2.246831e+004, 4.893649e+002
2.250738e+004, 4.921865e+002
2.254646e+004, 4.933805e+002
2.258553e+004, 4.940149e+002
2.262461e+004, 4.947511e+002
2.266369e+004, 4.953348e+002
2.270276e+004, 4.953589e+002
2.274184e+004, 4.952813e+002
2.278091e+004, 4.953563e+002
2.281999e+004, 4.955330e+002
2.285906e+004, 4.947942e+002
2.289814e+004, 4.941571e+002
2.293721e+004, 4.934182e+002
2.297629e+004, 4.927557e+002
2.301536e+004, 4.919915e+002
2.305444e+004, 4.914561e+002
2.309351e+004, 4.908953e+002
2.313259e+004, 4.904362e+002
2.317166e+004, 4.895957e+002
2.321074e+004, 4.886534e+002
2.324981e+004, 4.876603e+002
2.328889e+004, 4.868706e+002
2.332797e+004, 4.859792e+002
2.336704e+004, 4.844266e+002
2.340612e+004, 4.826196e+002
2.344519e+004, 4.799480e+002
2.348427e+004, 4.770984e+002
2.352334e+004, 4.742488e+002
2.356242e+004, 4.705599e+002
2.360149e+004, 4.663116e+002
2.364057e+004, 4.613003e+002
2.367964e+004, 4.562636e+002
2.371872e+004, 4.511760e+002
2.375779e+004, 4.452492e+002
2.379687e+004, 4.392970e+002
2.383594e+004, 4.342094e+002
2.387502e+004, 4.290710e+002
2.391410e+004, 4.226610e+002
2.395317e+004, 4.160221e+002
2.399225e+004, 4.100953e+002
2.403132e+004, 4.053892e+002
2.407040e+004, 4.009882e+002
2.410947e+004, 3.964347e+002
2.414855e+004, 3.916269e+002
2.418762e+004, 3.866156e+002
2.422670e+004, 3.808922e+002
2.426577e+004, 3.748128e+002
2.430485e+004, 3.687843e+002
2.434392e+004, 3.631627e+002
2.438300e+004, 3.580497e+002
2.442207e+004, 3.524280e+002
2.446115e+004, 3.451533e+002
2.450023e+004, 3.364037e+002
2.453930e+004, 3.262044e+002
2.457838e+004, 3.174801e+002
2.461745e+004, 3.112481e+002
2.465653e+004, 3.068981e+002
2.469560e+004, 3.033109e+002
2.473468e+004, 2.999781e+002
2.477375e+004, 2.976371e+002
2.481283e+004, 2.974832e+002
2.485190e+004, 3.003048e+002
2.489098e+004, 3.071445e+002
2.493005e+004, 3.169597e+002
2.496913e+004, 3.284025e+002
2.500820e+004, 3.410406e+002
2.504728e+004, 3.541364e+002
2.508635e+004, 3.688598e+002
2.512543e+004, 3.852109e+002
2.516451e+004, 4.020705e+002
2.520358e+004, 4.163362e+002
2.524266e+004, 4.281605e+002
2.528173e+004, 4.383062e+002
2.532081e+004, 4.481214e+002
2.535988e+004, 4.572245e+002
2.539896e+004, 4.654121e+002
2.543803e+004, 4.720230e+002
2.547711e+004, 4.776928e+002
2.551618e+004, 4.827015e+002
2.555526e+004, 4.869472e+002
2.559433e+004, 4.896162e+002
2.563341e+004, 4.914714e+002
2.567248e+004, 4.928688e+002
2.571156e+004, 4.937576e+002
2.575064e+004, 4.943412e+002
2.578971e+004, 4.942636e+002
2.582879e+004, 4.943386e+002
2.586786e+004, 4.943627e+002
2.590694e+004, 4.941834e+002
2.594601e+004, 4.938514e+002
2.598509e+004, 4.937230e+002
2.602416e+004, 4.933911e+002
2.606324e+004, 4.930591e+002
2.610231e+004, 4.924983e+002
2.614139e+004, 4.919630e+002
2.618046e+004, 4.917582e+002
2.621954e+004, 4.909685e+002
2.625861e+004, 4.900771e+002
2.629769e+004, 4.893637e+002
2.633677e+004, 4.889555e+002
2.637584e+004, 4.882167e+002
2.641492e+004, 4.872236e+002
2.645399e+004, 4.856201e+002
2.649307e+004, 4.838132e+002
2.653214e+004, 4.821080e+002
2.657122e+004, 4.798433e+002
2.661029e+004, 4.770191e+002
2.664937e+004, 4.736863e+002
2.668844e+004, 4.699974e+002
2.672752e+004, 4.660288e+002
2.676659e+004, 4.612973e+002
2.680567e+004, 4.558536e+002
2.684474e+004, 4.498505e+002
2.688382e+004, 4.442289e+002
2.692289e+004, 4.397771e+002
2.696197e+004, 4.353762e+002
2.700105e+004, 4.300089e+002
2.704012e+004, 4.233191e+002
2.707920e+004, 4.169854e+002
2.711827e+004, 4.111603e+002
2.715735e+004, 4.055895e+002
2.719642e+004, 4.002222e+002
2.723550e+004, 3.957704e+002
2.727457e+004, 3.918781e+002
2.731365e+004, 3.874263e+002
2.735272e+004, 3.825168e+002
2.739180e+004, 3.768951e+002
2.743087e+004, 3.705869e+002
2.746995e+004, 3.639734e+002
2.750902e+004, 3.564699e+002
2.754810e+004, 3.483559e+002
2.758718e+004, 3.409796e+002
2.762625e+004, 3.349256e+002
2.766533e+004, 3.292531e+002
2.770440e+004, 3.226651e+002
2.774348e+004, 3.147546e+002
2.778255e+004, 3.069459e+002
2.782163e+004, 2.997984e+002
2.786070e+004, 2.955500e+002
2.789978e+004, 2.950147e+002
2.793885e+004, 2.968698e+002
2.797793e+004, 3.006069e+002
2.801700e+004, 3.065820e+002
2.805608e+004, 3.159648e+002
2.809515e+004, 3.298745e+002
2.813423e+004, 3.465307e+002
2.817331e+004, 3.628309e+002
2.821238e+004, 3.768168e+002
2.825146e+004, 3.894548e+002
2.829053e+004, 4.019657e+002
2.832961e+004, 4.141969e+002
2.836868e+004, 4.267078e+002
2.840776e+004, 4.394222e+002
2.844683e+004, 4.514499e+002
2.848591e+004, 4.611379e+002
2.852498e+004, 4.681556e+002
2.856406e+004, 4.736984e+002
2.860313e+004, 4.792665e+002
2.864221e+004, 4.842752e+002
2.868128e+004, 4.884192e+002
2.872036e+004, 4.912916e+002
2.875943e+004, 4.934520e+002
2.879851e+004, 4.947985e+002
2.883759e+004, 4.948735e+002
2.887666e+004, 4.946433e+002
2.891574e+004, 4.949217e+002
2.895481e+004, 4.948441e+002
2.899389e+004, 4.947665e+002
2.903296e+004, 4.945872e+002
2.907204e+004, 4.942553e+002
2.911111e+004, 4.940760e+002
2.915019e+004, 4.932863e+002
2.918926e+004, 4.930561e+002
2.922834e+004, 4.924699e+002
2.926741e+004, 4.917819e+002
2.930649e+004, 4.912465e+002
2.934556e+004, 4.911689e+002
2.938464e+004, 4.911931e+002
2.942372e+004, 4.911154e+002
2.946279e+004, 4.909361e+002
2.950187e+004, 4.902990e+002
2.954094e+004, 4.891024e+002
2.958002e+004, 4.870921e+002
2.961909e+004, 4.850308e+002
2.965817e+004, 4.831984e+002
2.969724e+004, 4.809592e+002
2.973632e+004, 4.784402e+002
2.977539e+004, 4.749548e+002
2.981447e+004, 4.708081e+002
2.985354e+004, 4.658477e+002
2.989262e+004, 4.615485e+002
2.993169e+004, 4.570967e+002
2.997077e+004, 4.526958e+002
3.000985e+004, 4.479388e+002
3.004892e+004, 4.420120e+002
3.008800e+004, 4.344576e+002
3.012707e+004, 4.274627e+002
3.016615e+004, 4.207729e+002
3.020522e+004, 4.155073e+002
3.024430e+004, 4.113607e+002
3.028337e+004, 4.071124e+002
3.032245e+004, 4.023554e+002
3.036152e+004, 3.971915e+002
3.040060e+004, 3.914427e+002
3.043967e+004, 3.859228e+002
3.047875e+004, 3.810896e+002
3.051782e+004, 3.770447e+002
3.055690e+004, 3.732032e+002
3.059597e+004, 3.680139e+002
3.063505e+004, 3.612988e+002
3.067413e+004, 3.528797e+002
3.071320e+004, 3.435959e+002
3.075228e+004, 3.351005e+002
3.079135e+004, 3.287923e+002
3.083043e+004, 3.245948e+002
3.086950e+004, 3.196344e+002
3.090858e+004, 3.119274e+002
3.094765e+004, 3.033557e+002
3.098673e+004, 2.970728e+002
3.102580e+004, 2.953676e+002
3.106488e+004, 2.972737e+002
3.110395e+004, 3.001970e+002
3.114303e+004, 3.049513e+002
3.118210e+004, 3.141307e+002
3.122118e+004, 3.287779e+002
3.126026e+004, 3.470871e+002
3.129933e+004, 3.652183e+002
3.133841e+004, 3.810099e+002
3.137748e+004, 3.921729e+002
3.141656e+004, 4.013523e+002
3.145563e+004, 4.118033e+002
3.149471e+004, 4.259672e+002
3.153378e+004, 4.415045e+002
3.157286e+004, 4.544986e+002
3.161193e+004, 4.640849e+002
3.165101e+004, 4.710772e+002
3.169008e+004, 4.754501e+002
3.172916e+004, 4.796195e+002
3.176823e+004, 4.839161e+002
3.180731e+004, 4.881618e+002
3.184638e+004, 4.913648e+002
3.188546e+004, 4.938049e+002
3.192454e+004, 4.954567e+002
3.196361e+004, 4.959894e+002
3.200269e+004, 4.961153e+002
3.204176e+004, 4.964954e+002
3.208084e+004, 4.974351e+002
3.211991e+004, 4.975101e+002
3.215899e+004, 4.969747e+002
3.219806e+004, 4.963376e+002
3.223714e+004, 4.959548e+002
3.227621e+004, 4.953432e+002
3.231529e+004, 4.951384e+002
3.235436e+004, 4.950608e+002
3.239344e+004, 4.948306e+002
3.243251e+004, 4.943461e+002
3.247159e+004, 4.934038e+002
3.251067e+004, 4.923090e+002
3.254974e+004, 4.919008e+002
3.258882e+004, 4.911874e+002
3.262789e+004, 4.903468e+002
3.266697e+004, 4.894554e+002
3.270604e+004, 4.880045e+002
3.274512e+004, 4.861467e+002
3.278419e+004, 4.843398e+002
3.282327e+004, 4.819225e+002
3.286234e+004, 4.793018e+002
3.290142e+004, 4.764776e+002
3.294049e+004, 4.731448e+002
3.297957e+004, 4.692525e+002
3.301864e+004, 4.644446e+002
3.305772e+004, 4.594842e+002
3.309680e+004, 4.546764e+002
3.313587e+004, 4.495888e+002
3.317495e+004, 4.440435e+002
3.321402e+004, 4.375572e+002
3.325310e+004, 4.307657e+002
3.329217e+004, 4.245846e+002
3.333125e+004, 4.190647e+002
3.337032e+004, 4.141042e+002
3.340940e+004, 4.097033e+002
3.344847e+004, 4.049972e+002
3.348755e+004, 4.000368e+002
3.352662e+004, 3.950764e+002
3.356570e+004, 3.903448e+002
3.360477e+004, 3.853590e+002
3.364385e+004, 3.800425e+002
3.368292e+004, 3.745735e+002
3.372200e+004, 3.687738e+002
3.376108e+004, 3.620586e+002
3.380015e+004, 3.547331e+002
3.383923e+004, 3.471024e+002
3.387830e+004, 3.397514e+002
3.391738e+004, 3.331125e+002
3.395645e+004, 3.260159e+002
3.399553e+004, 3.186649e+002
3.403460e+004, 3.110851e+002
3.407368e+004, 3.042173e+002
3.411275e+004, 2.995875e+002
3.415183e+004, 2.978060e+002
3.419090e+004, 2.977284e+002
3.422998e+004, 2.992784e+002
3.426905e+004, 3.040836e+002
3.430813e+004, 3.141531e+002
3.434721e+004, 3.271218e+002
3.438628e+004, 3.408279e+002
3.442536e+004, 3.537712e+002
3.446443e+004, 3.667144e+002
3.450351e+004, 3.804715e+002
3.454258e+004, 3.955001e+002
3.458166e+004, 4.107830e+002
3.462073e+004, 4.261168e+002
3.465981e+004, 4.388057e+002
3.469888e+004, 4.495618e+002
3.473796e+004, 4.584869e+002
3.477703e+004, 4.658353e+002
3.481611e+004, 4.722681e+002
3.485518e+004, 4.787009e+002
3.489426e+004, 4.842182e+002
3.493334e+004, 4.887182e+002
3.497241e+004, 4.918450e+002
3.501149e+004, 4.942088e+002
3.505056e+004, 4.957588e+002
3.508964e+004, 4.968002e+002
3.512871e+004, 4.975872e+002
3.516779e+004, 4.982726e+002
3.520686e+004, 4.983476e+002
3.524594e+004, 4.984225e+002
3.528501e+004, 4.980398e+002
3.532409e+004, 4.966397e+002
3.536316e+004, 4.962569e+002
3.540224e+004, 4.956707e+002
3.544131e+004, 4.953388e+002
3.548039e+004, 4.947017e+002
3.551946e+004, 4.940646e+002
3.555854e+004, 4.937327e+002
3.559762e+004, 4.934008e+002
3.563669e+004, 4.927637e+002
3.567577e+004, 4.925335e+002
3.571484e+004, 4.919981e+002
3.575392e+004, 4.915645e+002
3.579299e+004, 4.905713e+002
3.583207e+004, 4.888661e+002
3.587114e+004, 4.871609e+002
3.591022e+004, 4.854557e+002
3.594929e+004, 4.832419e+002
3.598837e+004, 4.808755e+002
3.602744e+004, 4.780004e+002
3.606652e+004, 4.742098e+002
3.610559e+004, 4.693003e+002
3.614467e+004, 4.646450e+002
3.618375e+004, 4.596337e+002
3.622282e+004, 4.546733e+002
3.626190e+004, 4.500181e+002
3.630097e+004, 4.454137e+002
3.634005e+004, 4.399447e+002
3.637912e+004, 4.331023e+002
3.641820e+004, 4.253699e+002
3.645727e+004, 4.192142e+002
3.649635e+004, 4.144064e+002
3.653542e+004, 4.108192e+002
3.657450e+004, 4.064692e+002
3.661357e+004, 4.013053e+002
3.665265e+004, 3.966755e+002
3.669172e+004, 3.920457e+002
3.673080e+004, 3.868309e+002
3.676988e+004, 3.814636e+002
3.680895e+004, 3.761980e+002
3.684803e+004, 3.709324e+002
3.688710e+004, 3.647259e+002
3.692618e+004, 3.581124e+002
3.696525e+004, 3.516261e+002
3.700433e+004, 3.445803e+002
3.704340e+004, 3.363647e+002
3.708248e+004, 3.280982e+002
3.712155e+004, 3.203912e+002
3.716063e+004, 3.137014e+002
3.719970e+004, 3.076220e+002
3.723878e+004, 3.026616e+002
3.727785e+004, 2.995831e+002
3.731693e+004, 2.976236e+002
3.735600e+004, 2.975460e+002
3.739508e+004, 3.010542e+002
3.743416e+004, 3.090383e+002
3.747323e+004, 3.200488e+002
3.751231e+004, 3.326360e+002
3.755138e+004, 3.462405e+002
3.759046e+004, 3.606333e+002
3.762953e+004, 3.761959e+002
3.766861e+004, 3.925470e+002
3.770768e+004, 4.079316e+002
3.774676e+004, 4.213581e+002
3.778583e+004, 4.334112e+002
3.782491e+004, 4.444725e+002
3.786398e+004, 4.540080e+002
3.790306e+004, 4.620684e+002
3.794213e+004, 4.697219e+002
3.798121e+004, 4.772228e+002
3.802029e+004, 4.829944e+002
3.805936e+004, 4.877997e+002
3.809844e+004, 4.916385e+002
3.813751e+004, 4.936971e+002
3.817659e+004, 4.948911e+002
3.821566e+004, 4.959833e+002
3.825474e+004, 4.967704e+002
3.829381e+004, 4.972523e+002
3.833289e+004, 4.970221e+002
3.837196e+004, 4.969445e+002
3.841104e+004, 4.970194e+002
3.845011e+004, 4.971453e+002
3.848919e+004, 4.970677e+002
3.852826e+004, 4.961763e+002
3.856734e+004, 4.957426e+002
3.860642e+004, 4.955124e+002
3.864549e+004, 4.946210e+002
3.868457e+004, 4.942383e+002
3.872364e+004, 4.936520e+002
3.876272e+004, 4.929132e+002
3.880179e+004, 4.920218e+002
3.884087e+004, 4.918425e+002
3.887994e+004, 4.914597e+002
3.891902e+004, 4.908735e+002
3.895809e+004, 4.894226e+002
3.899717e+004, 4.877174e+002
3.903624e+004, 4.862665e+002
3.907532e+004, 4.845104e+002
3.911439e+004, 4.819914e+002
3.915347e+004, 4.791163e+002
3.919254e+004, 4.768262e+002
3.923162e+004, 4.740783e+002
3.927070e+004, 4.700843e+002
3.930977e+004, 4.653273e+002
3.934885e+004, 4.596040e+002
3.938792e+004, 4.542366e+002
3.942700e+004, 4.492762e+002
3.946607e+004, 4.448753e+002
3.950515e+004, 4.400166e+002
3.954422e+004, 4.334286e+002
3.958330e+004, 4.256707e+002
3.962237e+004, 4.189555e+002
3.966145e+004, 4.137153e+002
3.970052e+004, 4.093398e+002
3.973960e+004, 4.052695e+002
3.977867e+004, 4.013772e+002
3.981775e+004, 3.972306e+002
3.985683e+004, 3.926771e+002
3.989590e+004, 3.878693e+002
3.993498e+004, 3.830106e+002
3.997405e+004, 3.777450e+002
4.001313e+004, 3.723268e+002
4.005220e+004, 3.665526e+002
4.009128e+004, 3.600663e+002
4.013035e+004, 3.525118e+002
4.016943e+004, 3.437876e+002
4.020850e+004, 3.346056e+002
4.024758e+004, 3.262373e+002
4.028665e+004, 3.191407e+002
4.032573e+004, 3.134173e+002
4.036480e+004, 3.082535e+002
4.040388e+004, 3.033185e+002
4.044296e+004, 2.997059e+002
4.048203e+004, 2.973649e+002
4.052111e+004, 2.985843e+002
4.056018e+004, 3.037964e+002
4.059926e+004, 3.120349e+002
4.063833e+004, 3.217483e+002
4.067741e+004, 3.328605e+002
4.071648e+004, 3.468210e+002
4.075556e+004, 3.630449e+002
4.079463e+004, 3.802352e+002
4.083371e+004, 3.961793e+002
4.087278e+004, 4.110045e+002
4.091186e+004, 4.242529e+002
4.095093e+004, 4.355176e+002
4.099001e+004, 4.452057e+002
4.102908e+004, 4.540799e+002
4.106816e+004, 4.626489e+002
4.110724e+004, 4.703533e+002
4.114631e+004, 4.771422e+002
4.118539e+004, 4.835750e+002
4.122446e+004, 4.888380e+002
4.126354e+004, 4.924225e+002
4.130261e+004, 4.945574e+002
4.134169e+004, 4.958277e+002
4.138076e+004, 4.966656e+002
4.141984e+004, 4.974018e+002
4.145891e+004, 4.981380e+002
4.149799e+004, 4.987725e+002
4.153706e+004, 4.987966e+002
4.157614e+004, 4.982612e+002
4.161521e+004, 4.979802e+002
4.165429e+004, 4.977500e+002
4.169337e+004, 4.976724e+002
4.173244e+004, 4.973404e+002
4.177152e+004, 4.967034e+002
4.181059e+004, 4.958119e+002
4.184967e+004, 4.952257e+002
4.188874e+004, 4.943343e+002
4.192782e+004, 4.936209e+002
4.196689e+004, 4.929584e+002
4.200597e+004, 4.917110e+002
4.204504e+004, 4.904635e+002
4.208412e+004, 4.895721e+002
4.212319e+004, 4.885790e+002
4.216227e+004, 4.868229e+002
4.220134e+004, 4.847108e+002
4.224042e+004, 4.829293e+002
4.227950e+004, 4.806392e+002
4.231857e+004, 4.776115e+002
4.235765e+004, 4.747365e+002
4.239672e+004, 4.718614e+002
4.243580e+004, 4.684269e+002
4.247487e+004, 4.635682e+002
4.251395e+004, 4.577940e+002
4.255302e+004, 4.524266e+002
4.259210e+004, 4.469067e+002
4.263117e+004, 4.411834e+002
4.267025e+004, 4.355109e+002
4.270932e+004, 4.295841e+002
4.274840e+004, 4.237081e+002
4.278747e+004, 4.180356e+002
4.282655e+004, 4.123123e+002
4.286562e+004, 4.074536e+002
4.290470e+004, 4.036630e+002
4.294378e+004, 4.003302e+002
4.298285e+004, 3.961836e+002
4.302193e+004, 3.913249e+002
4.306100e+004, 3.859067e+002
4.310008e+004, 3.801325e+002
4.313915e+004, 3.742056e+002
4.317823e+004, 3.681771e+002
4.321730e+004, 3.624029e+002
4.325638e+004, 3.566287e+002
4.329545e+004, 3.497863e+002
4.333453e+004, 3.419013e+002
4.337360e+004, 3.332279e+002
4.341268e+004, 3.248851e+002
4.345175e+004, 3.170001e+002
4.349083e+004, 3.106664e+002
4.352991e+004, 3.057823e+002
4.356898e+004, 3.020680e+002
4.360806e+004, 2.985571e+002
4.364713e+004, 2.959364e+002
4.368621e+004, 2.969015e+002
4.372528e+004, 3.032071e+002
4.376436e+004, 3.130478e+002
4.380343e+004, 3.229392e+002
4.384251e+004, 3.327290e+002
4.388158e+004, 3.452145e+002
4.392066e+004, 3.614383e+002
4.395973e+004, 3.800528e+002
4.399881e+004, 3.981840e+002
4.403788e+004, 4.128566e+002
4.407696e+004, 4.250623e+002
4.411604e+004, 4.354370e+002
4.415511e+004, 4.447690e+002
4.419419e+004, 4.546096e+002
4.423326e+004, 4.641450e+002
4.427234e+004, 4.725106e+002
4.431141e+004, 4.788163e+002
4.435049e+004, 4.835961e+002
4.438956e+004, 4.877909e+002
4.442864e+004, 4.907651e+002
4.446771e+004, 4.929763e+002
4.450679e+004, 4.955436e+002
4.454586e+004, 4.972970e+002
4.458494e+004, 4.979823e+002
4.462401e+004, 4.982099e+002
4.466309e+004, 4.978271e+002
4.470216e+004, 4.973935e+002
4.474124e+004, 4.971633e+002
4.478032e+004, 4.967805e+002
4.481939e+004, 4.963469e+002
4.485847e+004, 4.958624e+002
4.489754e+004, 4.957339e+002
4.493662e+004, 4.956054e+002
4.497569e+004, 4.952227e+002
4.501477e+004, 4.951451e+002
4.505384e+004, 4.949149e+002
4.509292e+004, 4.940743e+002
4.513199e+004, 4.931829e+002
4.517107e+004, 4.918337e+002
4.521014e+004, 4.906880e+002
4.524922e+004, 4.897966e+002
4.528829e+004, 4.887526e+002
4.532737e+004, 4.875560e+002
4.536645e+004, 4.856474e+002
4.540552e+004, 4.833318e+002
4.544460e+004, 4.806348e+002
4.548367e+004, 4.784972e+002
4.552275e+004, 4.760800e+002
4.556182e+004, 4.724420e+002
4.560090e+004, 4.678376e+002
4.563997e+004, 4.623685e+002
4.567905e+004, 4.572047e+002
4.571812e+004, 4.527274e+002
4.575720e+004, 4.479450e+002
4.579627e+004, 4.426286e+002
4.583535e+004, 4.371087e+002
4.587442e+004, 4.309276e+002
4.591350e+004, 4.248990e+002
4.595258e+004, 4.195317e+002
4.599165e+004, 4.146221e+002
4.603073e+004, 4.097889e+002
4.606980e+004, 4.050065e+002
4.610888e+004, 4.003767e+002
4.614795e+004, 3.962046e+002
4.618703e+004, 3.919054e+002
4.622610e+004, 3.876062e+002
4.626518e+004, 3.826458e+002
4.630425e+004, 3.769224e+002
4.634333e+004, 3.712499e+002
4.638240e+004, 3.653231e+002
4.642148e+004, 3.585571e+002
4.646055e+004, 3.513841e+002
4.649963e+004, 3.439823e+002
4.653870e+004, 3.361736e+002
4.657778e+004, 3.280342e+002
4.661686e+004, 3.194626e+002
4.665593e+004, 3.119590e+002
4.669501e+004, 3.056507e+002
4.673408e+004, 3.002326e+002
4.677316e+004, 2.959588e+002
4.681223e+004, 2.939484e+002
4.685131e+004, 2.957273e+002
4.689038e+004, 3.001765e+002
4.692946e+004, 3.062024e+002
4.696853e+004, 3.145680e+002
4.700761e+004, 3.274603e+002
4.704668e+004, 3.437097e+002
4.708576e+004, 3.612305e+002
4.712483e+004, 3.786497e+002
4.716391e+004, 3.945175e+002
4.720299e+004, 4.076896e+002
4.724206e+004, 4.187001e+002
4.728114e+004, 4.297614e+002
4.732021e+004, 4.425521e+002
4.735929e+004, 4.550376e+002
4.739836e+004, 4.651833e+002
4.743744e+004, 4.732438e+002
4.747651e+004, 4.787102e+002
4.751559e+004, 4.828542e+002
4.755466e+004, 4.866930e+002
4.759374e+004, 4.898706e+002
4.763281e+004, 4.919801e+002
4.767189e+004, 4.938353e+002
4.771096e+004, 4.948258e+002
4.775004e+004, 4.958163e+002
4.778912e+004, 4.961456e+002
4.782819e+004, 4.960680e+002
4.786727e+004, 4.958887e+002
4.790634e+004, 4.957602e+002
4.794542e+004, 4.951994e+002
4.798449e+004, 4.948421e+002
4.802357e+004, 4.940524e+002
4.806264e+004, 4.931610e+002
4.810172e+004, 4.926256e+002
4.814079e+004, 4.925480e+002
4.817987e+004, 4.926739e+002
4.821894e+004, 4.926980e+002
4.825802e+004, 4.923152e+002
4.829709e+004, 4.920596e+002
4.833617e+004, 4.913970e+002
4.837524e+004, 4.908108e+002
4.841432e+004, 4.900211e+002
4.845340e+004, 4.895366e+002
4.849247e+004, 4.885944e+002
4.853155e+004, 4.867111e+002
4.857062e+004, 4.844973e+002
4.860970e+004, 4.818511e+002
4.864877e+004, 4.791541e+002
4.868785e+004, 4.763553e+002
4.872692e+004, 4.722087e+002
4.876600e+004, 4.673500e+002
4.880507e+004, 4.623896e+002
4.884415e+004, 4.580904e+002
4.888322e+004, 4.536895e+002
4.892230e+004, 4.489834e+002
4.896137e+004, 4.436160e+002
4.900045e+004, 4.378164e+002
4.903953e+004, 4.314064e+002
4.907860e+004, 4.253779e+002
4.911768e+004, 4.202648e+002
4.915675e+004, 4.156605e+002
4.919583e+004, 4.110561e+002
4.923490e+004, 4.065026e+002
4.927398e+004, 4.020508e+002
4.931305e+004, 3.973955e+002
4.935213e+004, 3.928420e+002
4.939120e+004, 3.886954e+002
4.943028e+004, 3.840656e+002
4.946935e+004, 3.795884e+002
4.950843e+004, 3.752129e+002
4.954750e+004, 3.697692e+002
4.958658e+004, 3.627234e+002
4.962566e+004, 3.545078e+002
4.966473e+004, 3.459362e+002
4.970381e+004, 3.375679e+002
4.974288e+004, 3.303441e+002
4.978196e+004, 3.246971e+002
4.982103e+004, 3.179564e+002
4.986011e+004, 3.095882e+002
4.989918e+004, 3.011183e+002
4.993826e+004, 2.953441e+002
4.997733e+004, 2.935880e+002
5.001641e+004, 2.942733e+002
5.005548e+004, 2.964845e+002
5.009456e+004, 3.014932e+002
5.013363e+004, 3.106726e+002
5.017271e+004, 3.240736e+002
5.021178e+004, 3.395600e+002
5.025086e+004, 3.544360e+002
5.028994e+004, 3.694137e+002
5.032901e+004, 3.844932e+002
5.036809e+004, 3.984028e+002
5.040716e+004, 4.111935e+002
5.044624e+004, 4.240350e+002
5.048531e+004, 4.369782e+002
5.052439e+004, 4.483956e+002
5.056346e+004, 4.587449e+002
5.060254e+004, 4.676191e+002
5.064161e+004, 4.749166e+002
5.068069e+004, 4.806373e+002
5.071976e+004, 4.857986e+002
5.075884e+004, 4.896119e+002
5.079791e+004, 4.926115e+002
5.083699e+004, 4.949753e+002
5.087607e+004, 4.964236e+002
5.091514e+004, 4.968546e+002
5.095422e+004, 4.970822e+002
5.099329e+004, 4.972589e+002
5.103237e+004, 4.978425e+002
5.107144e+004, 4.977649e+002
5.111052e+004, 4.970515e+002
5.114959e+004, 4.963381e+002
5.118867e+004, 4.958028e+002
5.122774e+004, 4.951657e+002
5.126682e+004, 4.943760e+002
5.130589e+004, 4.940441e+002
5.134497e+004, 4.941191e+002
5.138404e+004, 4.938889e+002
5.142312e+004, 4.934807e+002
5.146220e+004, 4.927673e+002
5.150127e+004, 4.920285e+002
5.154035e+004, 4.913405e+002
5.157942e+004, 4.906017e+002
5.161850e+004, 4.897103e+002
5.165757e+004, 4.887680e+002
5.169665e+004, 4.875714e+002
5.173572e+004, 4.862223e+002
5.177480e+004, 4.841610e+002
5.181387e+004, 4.814894e+002
5.185295e+004, 4.783092e+002
5.189202e+004, 4.756376e+002
5.193110e+004, 4.730169e+002
5.197017e+004, 4.703453e+002
5.200925e+004, 4.669616e+002
5.204832e+004, 4.620520e+002
5.208740e+004, 4.560235e+002
5.212648e+004, 4.492829e+002
5.216555e+004, 4.425931e+002
5.220463e+004, 4.364629e+002
5.224370e+004, 4.319602e+002
5.228278e+004, 4.278136e+002
5.232185e+004, 4.227514e+002
5.236093e+004, 4.168246e+002
5.240000e+004, 4.112030e+002
5.243908e+004, 4.063443e+002
5.247815e+004, 4.013839e+002
5.251723e+004, 3.959657e+002
5.255630e+004, 3.913105e+002
5.259538e+004, 3.874690e+002
5.263445e+004, 3.839836e+002
5.267353e+004, 3.795064e+002
5.271261e+004, 3.742408e+002
5.275168e+004, 3.677799e+002
5.279076e+004, 3.599712e+002
5.282983e+004, 3.508909e+002
5.286891e+004, 3.421158e+002
5.290798e+004, 3.356040e+002
5.294706e+004, 3.314320e+002
5.298613e+004, 3.263190e+002
5.302521e+004, 3.179508e+002
5.306428e+004, 3.061748e+002
5.310336e+004, 2.961535e+002
5.314243e+004, 2.915745e+002
5.318151e+004, 2.921073e+002
5.322058e+004, 2.942422e+002
5.325966e+004, 2.968858e+002
5.329874e+004, 3.011315e+002
5.333781e+004, 3.119894e+002
5.337689e+004, 3.293068e+002
5.341596e+004, 3.473363e+002
5.345504e+004, 3.607882e+002
5.349411e+004, 3.705525e+002
5.353319e+004, 3.809272e+002
5.357226e+004, 3.942519e+002
5.361134e+004, 4.096111e+002
5.365041e+004, 4.254535e+002
5.368949e+004, 4.411433e+002
5.372856e+004, 4.545952e+002
5.376764e+004, 4.641560e+002
5.380671e+004, 4.695462e+002
5.384579e+004, 4.727238e+002
5.388486e+004, 4.771221e+002
5.392394e+004, 4.824868e+002
5.396302e+004, 4.878006e+002
5.400209e+004, 4.917921e+002
5.404117e+004, 4.939015e+002
5.408024e+004, 4.950446e+002
5.411932e+004, 4.953739e+002
5.415839e+004, 4.958558e+002
5.419747e+004, 4.962868e+002
5.423654e+004, 4.965144e+002
5.427562e+004, 4.962842e+002
5.431469e+004, 4.957997e+002
5.435377e+004, 4.951626e+002
5.439284e+004, 4.944238e+002
5.443192e+004, 4.939393e+002
5.447099e+004, 4.938108e+002
5.451007e+004, 4.933772e+002
5.454915e+004, 4.931979e+002
5.458822e+004, 4.932220e+002
5.462730e+004, 4.931444e+002
5.466637e+004, 4.930668e+002
5.470545e+004, 4.925823e+002
5.474452e+004, 4.920978e+002
5.478360e+004, 4.912064e+002
5.482267e+004, 4.901624e+002
5.486175e+004, 4.885080e+002
5.490082e+004, 4.870571e+002
5.493990e+004, 4.851993e+002
5.497897e+004, 4.833924e+002
5.501805e+004, 4.811531e+002
5.505712e+004, 4.787104e+002
5.509620e+004, 4.758354e+002
5.513528e+004, 4.721974e+002
5.517435e+004, 4.683051e+002
5.521343e+004, 4.643110e+002
5.525250e+004, 4.601644e+002
5.529158e+004, 4.555600e+002
5.533065e+004, 4.493281e+002
5.536973e+004, 4.426892e+002
5.540880e+004, 4.362537e+002
5.544788e+004, 4.308355e+002
5.548695e+004, 4.254682e+002
5.552603e+004, 4.209656e+002
5.556510e+004, 4.164121e+002
5.560418e+004, 4.118585e+002
5.564325e+004, 4.068981e+002
5.568233e+004, 4.023446e+002
5.572140e+004, 3.981980e+002
5.576048e+004, 3.942548e+002
5.579956e+004, 3.900573e+002
5.583863e+004, 3.849443e+002
5.587771e+004, 3.785852e+002
5.591678e+004, 3.713105e+002
5.595586e+004, 3.642139e+002
5.599493e+004, 3.590754e+002
5.603401e+004, 3.548016e+002
5.607308e+004, 3.494852e+002
5.611216e+004, 3.420834e+002
5.615123e+004, 3.324690e+002
5.619031e+004, 3.205150e+002
5.622938e+004, 3.080269e+002
5.626846e+004, 2.998621e+002
5.630753e+004, 2.996065e+002
5.634661e+004, 3.026824e+002
5.638569e+004, 3.022233e+002
5.642476e+004, 2.979241e+002
5.646384e+004, 2.982534e+002
5.650291e+004, 3.095690e+002
5.654199e+004, 3.260726e+002
5.658106e+004, 3.356081e+002
5.662014e+004, 3.373107e+002
5.665921e+004, 3.407426e+002
5.669829e+004, 3.541182e+002
5.673736e+004, 3.779460e+002
5.677644e+004, 4.049528e+002
5.681551e+004, 4.271022e+002
5.685459e+004, 4.402488e+002
5.689366e+004, 4.445963e+002
5.693274e+004, 4.454342e+002
5.697182e+004, 4.500868e+002
5.701089e+004, 4.607413e+002
5.704997e+004, 4.732267e+002
5.708904e+004, 4.827113e+002
5.712812e+004, 4.881777e+002
5.716719e+004, 4.905415e+002
5.720627e+004, 4.919390e+002
5.724534e+004, 4.928277e+002
5.728442e+004, 4.947338e+002
5.732349e+004, 4.962838e+002
5.736257e+004, 4.967911e+002
5.740164e+004, 4.964846e+002
5.744072e+004, 4.963562e+002
5.747979e+004, 4.960242e+002
5.751887e+004, 4.955652e+002
5.755794e+004, 4.953604e+002
5.759702e+004, 4.949268e+002
5.763610e+004, 4.940354e+002
5.767517e+004, 4.934491e+002
5.771425e+004, 4.928629e+002
5.775332e+004, 4.926327e+002
5.779240e+004, 4.925551e+002
5.783147e+004, 4.924775e+002
5.787055e+004, 4.917387e+002
5.790962e+004, 4.902878e+002
5.794870e+004, 4.888877e+002
5.798777e+004, 4.880981e+002
5.802685e+004, 4.877661e+002
5.806592e+004, 4.871291e+002
5.810500e+004, 4.862377e+002
5.814407e+004, 4.851937e+002
5.818315e+004, 4.830307e+002
5.822223e+004, 4.804862e+002
5.826130e+004, 4.773314e+002
5.830038e+004, 4.744564e+002
5.833945e+004, 4.718357e+002
5.837853e+004, 4.685028e+002
5.841760e+004, 4.643562e+002
5.845668e+004, 4.590906e+002
5.849575e+004, 4.532655e+002
5.853483e+004, 4.479491e+002
5.857390e+004, 4.425309e+002
5.861298e+004, 4.373925e+002
5.865205e+004, 4.337290e+002
5.869113e+004, 4.297350e+002
5.873020e+004, 4.239608e+002
5.876928e+004, 4.170676e+002
5.880836e+004, 4.110391e+002
5.884743e+004, 4.062312e+002
5.888651e+004, 4.024915e+002
5.892558e+004, 3.993113e+002
5.896466e+004, 3.963091e+002
5.900373e+004, 3.926457e+002
5.904281e+004, 3.875326e+002
5.908188e+004, 3.805377e+002
5.912096e+004, 3.738988e+002
5.916003e+004, 3.681755e+002
5.919911e+004, 3.638508e+002
5.923818e+004, 3.601874e+002
5.927726e+004, 3.551761e+002
5.931633e+004, 3.453838e+002
5.935541e+004, 3.311155e+002
5.939448e+004, 3.169998e+002
5.943356e+004, 3.095979e+002
5.947264e+004, 3.100798e+002
5.951171e+004, 3.121385e+002
5.955079e+004, 3.079410e+002
5.958986e+004, 2.975891e+002
5.962894e+004, 2.915606e+002
5.966801e+004, 2.964421e+002
5.970709e+004, 3.054943e+002
5.974616e+004, 3.100452e+002
5.978524e+004, 3.102728e+002
5.982431e+004, 3.156629e+002
5.986339e+004, 3.332601e+002
5.990246e+004, 3.604958e+002
5.994154e+004, 3.875279e+002
5.998061e+004, 4.045402e+002
6.001969e+004, 4.119903e+002
6.005877e+004, 4.134385e+002
6.009784e+004, 4.173282e+002
6.013692e+004, 4.293051e+002
6.017599e+004, 4.484281e+002
6.021507e+004, 4.653641e+002
6.025414e+004, 4.761711e+002
6.029322e+004, 4.796285e+002
6.033229e+004, 4.800849e+002
6.037137e+004, 4.819147e+002
6.041044e+004, 4.865418e+002
6.044952e+004, 4.914996e+002
6.048859e+004, 4.944229e+002
6.052767e+004, 4.951591e+002
6.056674e+004, 4.958953e+002
6.060582e+004, 4.964027e+002
6.064490e+004, 4.965539e+002
6.068397e+004, 4.961712e+002
6.072305e+004, 4.960427e+002
6.076212e+004, 4.963211e+002
6.080120e+004, 4.963452e+002
6.084027e+004, 4.961659e+002
6.087935e+004, 4.952745e+002
6.091842e+004, 4.936710e+002
6.095750e+004, 4.926779e+002
6.099657e+004, 4.922951e+002
6.103565e+004, 4.921666e+002
6.107472e+004, 4.915804e+002
6.111380e+004, 4.907399e+002
6.115287e+004, 4.899502e+002
6.119195e+004, 4.894148e+002
6.123102e+004, 4.883200e+002
6.127010e+004, 4.872760e+002
6.130918e+004, 4.862828e+002
6.134825e+004, 4.853406e+002
6.138733e+004, 4.837879e+002
6.142640e+004, 4.824896e+002
6.146548e+004, 4.806318e+002
6.150455e+004, 4.778585e+002
6.154363e+004, 4.744240e+002
6.158270e+004, 4.702774e+002
6.162178e+004, 4.668937e+002
6.166085e+004, 4.632557e+002
6.169993e+004, 4.597703e+002
6.173900e+004, 4.552676e+002
6.177808e+004, 4.490865e+002
6.181715e+004, 4.401588e+002
6.185623e+004, 4.305190e+002
6.189531e+004, 4.243379e+002
6.193438e+004, 4.228361e+002
6.197346e+004, 4.215887e+002
6.201253e+004, 4.174421e+002
6.205161e+004, 4.108540e+002
6.209068e+004, 4.048255e+002
6.212976e+004, 3.993056e+002
6.216883e+004, 3.940146e+002
6.220791e+004, 3.897408e+002
6.224698e+004, 3.870183e+002
6.228606e+004, 3.850080e+002
6.232513e+004, 3.814208e+002
6.236421e+004, 3.759009e+002
6.240328e+004, 3.690077e+002
6.244236e+004, 3.614533e+002
6.248144e+004, 3.543312e+002
6.252051e+004, 3.471074e+002
6.255959e+004, 3.395276e+002
6.259866e+004, 3.312356e+002
6.263774e+004, 3.243933e+002
6.267681e+004, 3.196363e+002
6.271589e+004, 3.154897e+002
6.275496e+004, 3.082913e+002
6.279404e+004, 2.992619e+002
6.283311e+004, 2.928265e+002
6.287219e+004, 2.924437e+002
6.291126e+004, 2.959265e+002
6.295034e+004, 2.991041e+002
6.298941e+004, 3.030446e+002
6.302849e+004, 3.119697e+002
6.306756e+004, 3.308385e+002
6.310664e+004, 3.554547e+002
6.314572e+004, 3.764851e+002
6.318479e+004, 3.882585e+002
6.322387e+004, 3.948184e+002
6.326294e+004, 4.026500e+002
6.330202e+004, 4.147794e+002
6.334109e+004, 4.286382e+002
6.338017e+004, 4.440228e+002
6.341924e+004, 4.581359e+002
6.345832e+004, 4.686377e+002
6.349739e+004, 4.746128e+002
6.353647e+004, 4.777904e+002
6.357554e+004, 4.798490e+002
6.361462e+004, 4.826197e+002
6.365369e+004, 4.865094e+002
6.369277e+004, 4.914164e+002
6.373185e+004, 4.957129e+002
6.377092e+004, 4.973138e+002
6.381000e+004, 4.972362e+002
6.384907e+004, 4.972095e+002
6.388815e+004, 4.970810e+002
6.392722e+004, 4.966474e+002
6.396630e+004, 4.964172e+002
6.400537e+004, 4.967465e+002
6.404445e+004, 4.964145e+002
6.408352e+004, 4.955231e+002
6.412260e+004, 4.949878e+002
6.416167e+004, 4.945541e+002
6.420075e+004, 4.946545e+002
6.423982e+004, 4.950601e+002
6.427890e+004, 4.945756e+002
6.431798e+004, 4.935825e+002
6.435705e+004, 4.924368e+002
6.439613e+004, 4.915454e+002
6.443520e+004, 4.907557e+002
6.447428e+004, 4.902712e+002
6.451335e+004, 4.899647e+002
6.455243e+004, 4.893022e+002
6.459150e+004, 4.879021e+002
6.463058e+004, 4.853831e+002
6.466965e+004, 4.825589e+002
6.470873e+004, 4.798365e+002
6.474780e+004, 4.778261e+002
6.478688e+004, 4.757649e+002
6.482595e+004, 4.727372e+002
6.486503e+004, 4.681074e+002
6.490410e+004, 4.628672e+002
6.494318e+004, 4.571947e+002
6.498226e+004, 4.514205e+002
6.502133e+004, 4.463584e+002
6.506041e+004, 4.419574e+002
6.509948e+004, 4.372513e+002
6.513856e+004, 4.311719e+002
6.517763e+004, 4.241770e+002
6.521671e+004, 4.183011e+002
6.525578e+004, 4.126286e+002
6.529486e+004, 4.080750e+002
6.533393e+004, 4.044371e+002
6.537301e+004, 4.011551e+002
6.541208e+004, 3.969576e+002
6.545116e+004, 3.923787e+002
6.549023e+004, 3.872911e+002
6.552931e+004, 3.827884e+002
6.556839e+004, 3.785401e+002
6.560746e+004, 3.732236e+002
6.564654e+004, 3.669408e+002
6.568561e+004, 3.606579e+002
6.572469e+004, 3.547311e+002
6.576376e+004, 3.489569e+002
6.580284e+004, 3.422672e+002
6.584191e+004, 3.340515e+002
6.588099e+004, 3.228859e+002
6.592006e+004, 3.112116e+002
6.595914e+004, 3.034791e+002
6.599821e+004, 3.013162e+002
6.603729e+004, 3.014420e+002
6.607636e+004, 2.991010e+002
6.611544e+004, 2.942932e+002
6.615452e+004, 2.925880e+002
6.619359e+004, 2.970372e+002
6.623267e+004, 3.071829e+002
6.627174e+004, 3.195413e+002
6.631082e+004, 3.314927e+002
6.634989e+004, 3.437238e+002
6.638897e+004, 3.582947e+002
6.642804e+004, 3.735776e+002
6.646712e+004, 3.873346e+002
6.650619e+004, 4.020072e+002
6.654527e+004, 4.183583e+002
6.658434e+004, 4.331326e+002
6.662342e+004, 4.432783e+002
6.666249e+004, 4.512370e+002
6.670157e+004, 4.592466e+002
6.674064e+004, 4.673579e+002
6.677972e+004, 4.738924e+002
6.681880e+004, 4.799183e+002
6.685787e+004, 4.852830e+002
6.689695e+004, 4.889693e+002
6.693602e+004, 4.902650e+002
6.697510e+004, 4.913063e+002
6.701417e+004, 4.920425e+002
6.705325e+004, 4.927787e+002
6.709232e+004, 4.931589e+002
6.713140e+004, 4.938951e+002
6.717047e+004, 4.942753e+002
6.720955e+004, 4.945537e+002
6.724862e+004, 4.944761e+002
6.728770e+004, 4.940424e+002
6.732677e+004, 4.938631e+002
6.736585e+004, 4.934295e+002
6.740493e+004, 4.929958e+002
6.744400e+004, 4.922570e+002
6.748308e+004, 4.920268e+002
6.752215e+004, 4.919492e+002
6.756123e+004, 4.917699e+002
6.760030e+004, 4.908276e+002
6.763938e+004, 4.899362e+002
6.767845e+004, 4.888668e+002
6.771753e+004, 4.878482e+002
6.775660e+004, 4.869568e+002
6.779568e+004, 4.862689e+002
6.783475e+004, 4.856318e+002
6.787383e+004, 4.843335e+002
6.791290e+004, 4.822214e+002
6.795198e+004, 4.804144e+002
6.799106e+004, 4.783532e+002
6.803013e+004, 4.753764e+002
6.806921e+004, 4.708737e+002
6.810828e+004, 4.659642e+002
6.814736e+004, 4.612581e+002
6.818643e+004, 4.571623e+002
6.822551e+004, 4.537786e+002
6.826458e+004, 4.504967e+002
6.830366e+004, 4.457906e+002
6.834273e+004, 4.388974e+002
6.838181e+004, 4.301986e+002
6.842088e+004, 4.222118e+002
6.845996e+004, 4.171497e+002
6.849903e+004, 4.146815e+002
6.853811e+004, 4.122134e+002
6.857718e+004, 4.083211e+002
6.861626e+004, 4.026994e+002
6.865534e+004, 3.972812e+002
6.869441e+004, 3.926769e+002
6.873349e+004, 3.889880e+002
6.877256e+004, 3.861130e+002
6.881164e+004, 3.835940e+002
6.885071e+004, 3.809732e+002
6.888979e+004, 3.756568e+002
6.892886e+004, 3.667799e+002
6.896794e+004, 3.563263e+002
6.900701e+004, 3.475512e+002
6.904609e+004, 3.412938e+002
6.908516e+004, 3.379610e+002
6.912424e+004, 3.349588e+002
6.916331e+004, 3.275824e+002
6.920239e+004, 3.154249e+002
6.924147e+004, 3.025807e+002
6.928054e+004, 2.951281e+002
6.931962e+004, 2.930668e+002
6.935869e+004, 2.936504e+002
6.939777e+004, 2.937254e+002
6.943684e+004, 2.951228e+002
6.947592e+004, 3.025220e+002
6.951499e+004, 3.166860e+002
6.955407e+004, 3.323249e+002
6.959314e+004, 3.433354e+002
6.963222e+004, 3.500734e+002
6.967129e+004, 3.587696e+002
6.971037e+004, 3.751461e+002
6.974944e+004, 3.962782e+002
6.978852e+004, 4.162913e+002
6.982760e+004, 4.312436e+002
6.986667e+004, 4.417200e+002
6.990575e+004, 4.493736e+002
6.994482e+004, 4.553995e+002
6.998390e+004, 4.609168e+002
7.002297e+004, 4.678074e+002
7.006205e+004, 4.751048e+002
7.010112e+004, 4.815377e+002
7.014020e+004, 4.859360e+002
7.017927e+004, 4.889610e+002
7.021835e+004, 4.905618e+002
7.025742e+004, 4.922136e+002
7.029650e+004, 4.941705e+002
7.033557e+004, 4.954916e+002
7.037465e+004, 4.959481e+002
7.041372e+004, 4.958196e+002
7.045280e+004, 4.954368e+002
7.049188e+004, 4.953592e+002
7.053095e+004, 4.949256e+002
7.057003e+004, 4.943902e+002
7.060910e+004, 4.932953e+002
7.064818e+004, 4.921496e+002
7.068725e+004, 4.912582e+002
7.072633e+004, 4.911806e+002
7.076540e+004, 4.912047e+002
7.080448e+004, 4.911271e+002
7.084355e+004, 4.902357e+002
7.088263e+004, 4.893443e+002
7.092170e+004, 4.884529e+002
7.096078e+004, 4.875615e+002
7.099985e+004, 4.873313e+002
7.103893e+004, 4.867451e+002
7.107801e+004, 4.857011e+002
7.111708e+004, 4.847079e+002
7.115616e+004, 4.834605e+002
7.119523e+004, 4.816027e+002
7.123431e+004, 4.792871e+002
7.127338e+004, 4.763612e+002
7.131246e+004, 4.734353e+002
7.135153e+004, 4.703568e+002
7.139061e+004, 4.662102e+002
7.142968e+004, 4.605886e+002
7.146876e+004, 4.557807e+002
7.150783e+004, 4.522953e+002
7.154691e+004, 4.485048e+002
7.158598e+004, 4.427814e+002
7.162506e+004, 4.357865e+002
7.166414e+004, 4.279777e+002
7.170321e+004, 4.212880e+002
7.174229e+004, 4.160224e+002
7.178136e+004, 4.123590e+002
7.182044e+004, 4.080343e+002
7.185951e+004, 4.029213e+002
7.189859e+004, 3.979609e+002
7.193766e+004, 3.944755e+002
7.197674e+004, 3.911427e+002
7.201581e+004, 3.882168e+002
7.205489e+004, 3.852909e+002
7.209396e+004, 3.819580e+002
7.213304e+004, 3.765399e+002
7.217211e+004, 3.689346e+002
7.221119e+004, 3.615328e+002
7.225026e+004, 3.562672e+002
7.228934e+004, 3.512050e+002
7.232842e+004, 3.452273e+002
7.236749e+004, 3.378255e+002
7.240657e+004, 3.292793e+002
7.244564e+004, 3.192580e+002
7.248472e+004, 3.087790e+002
7.252379e+004, 3.004362e+002
7.256287e+004, 2.954758e+002
7.260194e+004, 2.923719e+002
7.264102e+004, 2.902343e+002
7.268009e+004, 2.894955e+002
7.271917e+004, 2.917576e+002
7.275824e+004, 2.975292e+002
7.279732e+004, 3.061745e+002
7.283639e+004, 3.173630e+002
7.287547e+004, 3.288058e+002
7.291455e+004, 3.403503e+002
7.295362e+004, 3.542345e+002
7.299270e+004, 3.740188e+002
7.303177e+004, 3.935996e+002
7.307085e+004, 4.106881e+002
7.310992e+004, 4.222581e+002
7.314900e+004, 4.323530e+002
7.318807e+004, 4.422954e+002
7.322715e+004, 4.527972e+002
7.326622e+004, 4.626378e+002
7.330530e+004, 4.706982e+002
7.334437e+004, 4.757069e+002
7.338345e+004, 4.796474e+002
7.342252e+004, 4.830285e+002
7.346160e+004, 4.857483e+002
7.350068e+004, 4.876544e+002
7.353975e+004, 4.893061e+002
7.357883e+004, 4.908561e+002
7.361790e+004, 4.919483e+002
7.365698e+004, 4.925320e+002
7.369605e+004, 4.929121e+002
7.373513e+004, 4.932923e+002
7.377420e+004, 4.932147e+002
7.381328e+004, 4.926284e+002
7.385235e+004, 4.922965e+002
7.389143e+004, 4.916594e+002
7.393050e+004, 4.909715e+002
7.396958e+004, 4.906904e+002
7.400865e+004, 4.906128e+002
7.404773e+004, 4.903826e+002
7.408680e+004, 4.894912e+002
7.412588e+004, 4.881929e+002
7.416496e+004, 4.875558e+002
7.420403e+004, 4.875291e+002
7.424311e+004, 4.874006e+002
7.428218e+004, 4.866618e+002
7.432126e+004, 4.856178e+002
7.436033e+004, 4.840652e+002
7.439941e+004, 4.827160e+002
7.443848e+004, 4.819263e+002
7.447756e+004, 4.809841e+002
7.451663e+004, 4.790500e+002
7.455571e+004, 4.759460e+002
7.459478e+004, 4.727658e+002
7.463386e+004, 4.695856e+002
7.467293e+004, 4.656933e+002
7.471201e+004, 4.605803e+002
7.475109e+004, 4.561793e+002
7.479016e+004, 4.526939e+002
7.482924e+004, 4.496154e+002
7.486831e+004, 4.443498e+002
7.490739e+004, 4.373041e+002
7.494646e+004, 4.298514e+002
7.498554e+004, 4.242297e+002
7.502461e+004, 4.199814e+002
7.506369e+004, 4.169029e+002
7.510276e+004, 4.126037e+002
7.514184e+004, 4.068295e+002
7.518091e+004, 4.003940e+002
7.521999e+004, 3.960948e+002
7.525906e+004, 3.934741e+002
7.529814e+004, 3.910568e+002
7.533722e+004, 3.877240e+002
7.537629e+004, 3.843912e+002
7.541537e+004, 3.798376e+002
7.545444e+004, 3.743686e+002
7.549352e+004, 3.678823e+002
7.553259e+004, 3.621081e+002
7.557167e+004, 3.575037e+002
7.561074e+004, 3.528993e+002
7.564982e+004, 3.472268e+002
7.568889e+004, 3.389095e+002
7.572797e+004, 3.274386e+002
7.576704e+004, 3.148488e+002
7.580612e+004, 3.056159e+002
7.584519e+004, 3.027409e+002
7.588427e+004, 3.020020e+002
7.592334e+004, 2.982623e+002
7.596242e+004, 2.927933e+002
7.600150e+004, 2.899691e+002
7.604057e+004, 2.923329e+002
7.607965e+004, 2.983588e+002
7.611872e+004, 3.046390e+002
7.615780e+004, 3.143779e+002
7.619687e+004, 3.333230e+002
7.623595e+004, 3.581172e+002
7.627502e+004, 3.775709e+002
7.631410e+004, 3.828847e+002
7.635317e+004, 3.818153e+002
7.639225e+004, 3.896977e+002
7.643132e+004, 4.093802e+002
7.647040e+004, 4.285033e+002
7.650947e+004, 4.431759e+002
7.654855e+004, 4.546441e+002
7.658763e+004, 4.629588e+002
7.662670e+004, 4.668994e+002
7.666578e+004, 4.679916e+002
7.670485e+004, 4.708132e+002
7.674393e+004, 4.768899e+002
7.678300e+004, 4.832210e+002
7.682208e+004, 4.874668e+002
7.686115e+004, 4.895762e+002
7.690023e+004, 4.907702e+002
7.693930e+004, 4.910486e+002
7.697838e+004, 4.912762e+002
7.701745e+004, 4.918090e+002
7.705653e+004, 4.917314e+002
7.709560e+004, 4.915012e+002
7.713468e+004, 4.911184e+002
7.717376e+004, 4.910408e+002
7.721283e+004, 4.914209e+002
7.725191e+004, 4.913433e+002
7.729098e+004, 4.911132e+002
7.733006e+004, 4.903743e+002
7.736913e+004, 4.901950e+002
7.740821e+004, 4.897614e+002
7.744728e+004, 4.895820e+002
7.748636e+004, 4.890975e+002
7.752543e+004, 4.885622e+002
7.756451e+004, 4.882811e+002
7.760358e+004, 4.882035e+002
7.764266e+004, 4.884819e+002
7.768173e+004, 4.876414e+002
7.772081e+004, 4.863431e+002
7.775988e+004, 4.849939e+002
7.779896e+004, 4.836447e+002
7.783804e+004, 4.816852e+002
7.787711e+004, 4.786067e+002
7.791619e+004, 4.752739e+002
7.795526e+004, 4.727040e+002
7.799434e+004, 4.710497e+002
7.803341e+004, 4.694462e+002
7.807249e+004, 4.664694e+002
7.811156e+004, 4.603392e+002
7.815064e+004, 4.523778e+002
7.818971e+004, 4.455355e+002
7.822879e+004, 4.417449e+002
7.826786e+004, 4.396837e+002
7.830694e+004, 4.371647e+002
7.834601e+004, 4.332215e+002
7.838509e+004, 4.256162e+002
7.842417e+004, 4.149592e+002
7.846324e+004, 4.066418e+002
7.850232e+004, 4.034107e+002
7.854139e+004, 4.035112e+002
7.858047e+004, 4.031538e+002
7.861954e+004, 4.004059e+002
7.865862e+004, 3.956235e+002
7.869769e+004, 3.887303e+002
7.873677e+004, 3.808707e+002
7.877584e+004, 3.751982e+002
7.881492e+004, 3.738999e+002
7.885399e+004, 3.741275e+002
7.889307e+004, 3.733378e+002
7.893214e+004, 3.695472e+002
7.897122e+004, 3.593480e+002
7.901030e+004, 3.413667e+002
7.904937e+004, 3.232837e+002
7.908845e+004, 3.175603e+002
7.912752e+004, 3.255699e+002
7.916660e+004, 3.343933e+002
7.920567e+004, 3.283139e+002
7.924475e+004, 3.093154e+002
7.928382e+004, 2.960643e+002
7.932290e+004, 2.963936e+002
7.936197e+004, 2.998764e+002
7.940105e+004, 2.997479e+002
7.944012e+004, 3.002298e+002
7.947920e+004, 2.977871e+002
7.951827e+004, 2.983961e+002
7.955735e+004, 3.219188e+002
7.959642e+004, 3.603951e+002
7.963550e+004, 3.750168e+002
7.967458e+004, 3.552554e+002
7.971365e+004, 3.236938e+002
7.975273e+004, 3.245571e+002
7.979180e+004, 3.217584e+002
7.983088e+004, 3.228760e+002
7.986995e+004, 3.232816e+002
7.990903e+004, 3.238652e+002
7.994810e+004, 3.228975e+002
7.998718e+004, 3.223367e+002
